10, 6, 7, 114, 147, 0, 0, 0, 0: (6.03, 6.92): 0.44
10, 0, 5, 122, 157, 14, 0, 0, 0: (5.61, 5.61): 0.17
10, 0, 3, 122, 199, 14, 5, 0, 0: (5.76, 5.76): 0.107
10, 0, 0, 454, 1009, 37, 8, 121, 3: (5.47, 5.47): 1.119
20, 6, 15, 122, 157, 0, 0, 0, 0: (5.33, 5.29): 0.111
20, 0, 15, 139, 183, 14, 0, 0, 0: (5.05, 5.05): 0.122
20, 0, 12, 128, 207, 14, 5, 0, 0: (5.12, 5.12): 0.114
20, 0, 0, 702, 1509, 66, 11, 169, 23: (4.56, 4.56): 0.249
30, 6, 25, 154, 202, 0, 0, 0, 0: (5.05, 4.95): 0.104
30, 0, 25, 196, 242, 16, 0, 0, 0: (4.86, 4.86): 0.108
30, 0, 22, 173, 258, 14, 5, 0, 0: (4.91, 4.91): 0.107
30, 2, 0, 702, 1521, 66, 11, 173, 38: (4.14, 4.22): 0.14
