10, 1, 3, 368, 606, 0, 0, 0, 0: (6.75, 6.85): 0.752
10, 0, 3, 368, 606, 136, 0, 0, 0: (6.75, 6.75): 0.22
10, 0, 3, 368, 1014, 136, 37, 0, 0: (6.75, 6.75): 0.233
10, 0, 0, 369, 1105, 136, 37, 30, 14: (6.65, 6.65): 0.32
20, 11, 13, 368, 606, 0, 0, 0, 0: (6.30, 6.85): 0.163
20, 0, 6, 806, 1195, 174, 0, 0, 0: (5.64, 5.64): 0.407
20, 0, 8, 600, 1397, 159, 39, 0, 0: (6.03, 6.03): 0.193
20, 3, 0, 814, 1937, 174, 49, 70, 36: (5.61, 5.75): 0.295
30, 20, 23, 368, 606, 0, 0, 0, 0: (6.15, 6.75): 0.165
30, 0, 11, 816, 1208, 174, 0, 0, 0: (4.90, 4.90): 0.178
30, 0, 12, 814, 1727, 174, 49, 0, 0: (5.30, 5.30): 0.211
29, 3, 0, 957, 2319, 206, 58, 90, 40: (4.88, 4.88): 0.26
