10, 0, 4, 174, 199, 0, 0, 0, 0: (7.52, 7.52): 1.471
10, 0, 4, 174, 199, 50, 0, 0, 0: (7.52, 7.52): 0.118
10, 0, 4, 174, 349, 50, 47, 0, 0: (7.52, 7.52): 0.124
10, 1, 0, 215, 511, 62, 47, 27, 11: (7.28, 7.43): 0.329
20, 10, 14, 174, 199, 0, 0, 0, 0: (6.91, 7.52): 0.122
20, 0, 12, 333, 362, 105, 0, 0, 0: (6.25, 6.25): 0.189
20, 0, 12, 333, 677, 105, 48, 0, 0: (6.47, 6.47): 0.117
19, 1, 0, 506, 1471, 186, 49, 110, 56: (6.11, 6.12): 1.111
30, 20, 24, 174, 199, 0, 0, 0, 0: (6.71, 7.52): 0.109
30, 0, 20, 506, 583, 186, 0, 0, 0: (5.61, 5.61): 0.114
30, 0, 20, 358, 730, 114, 48, 0, 0: (5.82, 5.82): 0.117
29, 1, 0, 717, 1703, 217, 52, 124, 77: (5.39, 5.37): 0.19
