10, 1, 0, 156, 244, 0, 0, 0, 0: (4.38, 4.47): 0.505
10, 0, 0, 246, 388, 13, 0, 0, 0: (4.36, 4.36): 0.171
10, 0, 0, 246, 427, 13, 0, 0, 0: (4.36, 4.36): 0.11
10, 0, 0, 246, 430, 13, 0, 1, 0: (4.36, 4.36): 0.116
20, 5, 5, 689, 1122, 0, 0, 0, 0: (3.84, 3.93): 0.209
20, 0, 2, 740, 1207, 72, 0, 0, 0: (3.62, 3.62): 0.132
20, 0, 2, 740, 1423, 72, 4, 0, 0: (3.62, 3.62): 0.135
20, 0, 0, 740, 1435, 72, 4, 4, 1: (3.58, 3.58): 0.147
30, 9, 9, 740, 1207, 0, 0, 0, 0: (3.46, 3.56): 0.118
30, 0, 2, 740, 1207, 72, 0, 0, 0: (3.25, 3.25): 0.13
30, 0, 2, 740, 1423, 72, 4, 0, 0: (3.25, 3.25): 0.118
30, 0, 0, 740, 1441, 72, 4, 6, 1: (3.22, 3.22): 0.13
