10, 0, 3, 32, 57, 0, 0, 0, 0: (6.76, 6.76): 0.405
10, 0, 3, 32, 57, 12, 0, 0, 0: (6.76, 6.76): 0.112
10, 0, 3, 32, 93, 12, 0, 0, 0: (6.76, 6.76): 0.122
10, 0, 0, 32, 108, 12, 0, 5, 3: (6.64, 6.64): 0.149
20, 4, 10, 76, 123, 0, 0, 0, 0: (5.99, 6.30): 0.226
20, 0, 10, 201, 230, 79, 0, 0, 0: (5.89, 5.89): 0.226
20, 0, 10, 94, 312, 53, 3, 0, 0: (5.95, 5.95): 0.113
20, 1, 0, 449, 909, 145, 6, 25, 12: (5.48, 5.59): 0.275
30, 13, 20, 76, 123, 0, 0, 0, 0: (5.50, 6.21): 0.104
30, 0, 19, 483, 421, 156, 0, 0, 0: (5.07, 5.07): 0.124
30, 0, 18, 449, 834, 145, 6, 0, 0: (5.26, 5.26): 0.112
29, 4, 0, 1521, 2370, 418, 6, 29, 22: (4.59, 4.86): 0.357
