10, 3, 5, 263, 314, 0, 0, 0, 0: (4.99, 5.16): 0.493
10, 0, 2, 422, 473, 50, 0, 0, 0: (4.79, 4.79): 0.14
10, 0, 4, 263, 422, 36, 6, 0, 0: (4.86, 4.86): 0.109
10, 0, 0, 263, 449, 36, 6, 9, 1: (4.64, 4.64): 0.211
20, 3, 5, 422, 473, 0, 0, 0, 0: (4.46, 4.43): 0.107
20, 0, 2, 422, 473, 50, 0, 0, 0: (4.36, 4.36): 0.116
20, 0, 4, 422, 623, 50, 9, 0, 0: (4.39, 4.39): 0.127
20, 0, 0, 312, 520, 36, 6, 13, 2: (4.28, 4.28): 0.12
30, 7, 9, 422, 473, 0, 0, 0, 0: (4.27, 4.29): 0.13
30, 0, 2, 422, 473, 50, 0, 0, 0: (4.15, 4.15): 0.123
30, 0, 4, 422, 623, 50, 9, 0, 0: (4.19, 4.19): 0.116
30, 0, 0, 422, 689, 50, 9, 22, 2: (4.09, 4.09): 0.115
