10, 0, 4, 367, 424, 0, 0, 0, 0: (5.55, 5.55): 0.296
10, 0, 4, 367, 424, 106, 0, 0, 0: (5.55, 5.55): 0.11
10, 0, 4, 367, 742, 106, 6, 0, 0: (5.55, 5.55): 0.119
10, 0, 0, 394, 805, 111, 6, 9, 0: (5.28, 5.28): 0.153
20, 5, 11, 394, 445, 0, 0, 0, 0: (4.88, 5.13): 0.133
20, 0, 8, 594, 656, 169, 0, 0, 0: (4.81, 4.81): 0.197
20, 0, 7, 397, 784, 112, 6, 0, 0: (4.85, 4.85): 0.127
18, 1, 0, 650, 1283, 169, 9, 23, 3: (4.67, 4.74): 0.192
30, 15, 21, 394, 445, 0, 0, 0, 0: (4.63, 5.13): 0.117
29, 0, 14, 650, 707, 169, 0, 0, 0: (4.23, 4.23): 0.112
30, 0, 15, 650, 1214, 169, 9, 0, 0: (4.39, 4.39): 0.114
18, 1, 0, 650, 1283, 169, 9, 23, 3: (4.67, 4.74): 0.117
