10, 0, 1, 268, 333, 0, 0, 0, 0: (6.52, 6.52): 0.304
10, 0, 1, 268, 333, 68, 0, 0, 0: (6.52, 6.52): 0.109
10, 0, 1, 268, 537, 68, 9, 0, 0: (6.52, 6.52): 0.109
10, 0, 0, 268, 567, 68, 9, 10, 2: (6.49, 6.49): 0.154
20, 4, 7, 315, 396, 0, 0, 0, 0: (5.70, 5.90): 0.121
20, 0, 5, 394, 495, 112, 0, 0, 0: (5.57, 5.57): 0.15
20, 0, 5, 394, 831, 112, 9, 0, 0: (5.58, 5.58): 0.131
20, 0, 0, 394, 882, 112, 9, 17, 5: (5.51, 5.51): 0.121
30, 7, 15, 397, 498, 0, 0, 0, 0: (5.17, 5.37): 0.114
30, 0, 11, 564, 632, 141, 0, 0, 0: (4.99, 4.99): 0.113
30, 0, 11, 564, 1055, 141, 9, 0, 0: (5.02, 5.02): 0.112
30, 0, 0, 764, 1465, 188, 12, 34, 14: (4.89, 4.89): 0.134
