10, 0, 1, 144, 205, 0, 0, 0, 0: (6.59, 6.59): 0.406
10, 0, 1, 144, 205, 48, 0, 0, 0: (6.59, 6.59): 0.11
10, 0, 1, 144, 349, 48, 8, 0, 0: (6.59, 6.59): 0.11
10, 0, 0, 144, 370, 48, 8, 7, 2: (6.50, 6.50): 0.173
20, 4, 8, 233, 281, 0, 0, 0, 0: (5.71, 5.91): 0.245
20, 0, 6, 469, 506, 108, 0, 0, 0: (5.60, 5.60): 0.171
20, 0, 6, 469, 830, 108, 16, 0, 0: (5.62, 5.62): 0.114
20, 0, 0, 310, 638, 83, 13, 10, 3: (5.50, 5.50): 0.148
30, 6, 11, 469, 506, 0, 0, 0, 0: (5.28, 5.39): 0.114
30, 0, 6, 469, 506, 108, 0, 0, 0: (5.17, 5.17): 0.112
30, 0, 6, 469, 830, 108, 16, 0, 0: (5.19, 5.19): 0.111
30, 0, 0, 371, 784, 98, 13, 18, 8: (5.11, 5.11): 0.127
