10, 0, 4, 227, 228, 0, 0, 0, 0: (6.66, 6.66): 0.334
10, 0, 4, 227, 228, 52, 0, 0, 0: (6.66, 6.66): 0.131
10, 0, 4, 227, 384, 52, 7, 0, 0: (6.66, 6.66): 0.128
9, 0, 0, 228, 428, 52, 7, 14, 0: (5.95, 5.95): 0.257
20, 9, 14, 228, 230, 0, 0, 0, 0: (5.91, 6.52): 0.108
20, 0, 6, 586, 612, 169, 0, 0, 0: (5.73, 5.73): 0.226
20, 0, 10, 534, 968, 146, 13, 0, 0: (5.86, 5.86): 0.114
20, 0, 0, 787, 1536, 212, 16, 43, 1: (5.00, 5.00): 0.157
30, 11, 17, 586, 612, 0, 0, 0, 0: (5.57, 5.80): 0.115
30, 0, 11, 652, 689, 197, 0, 0, 0: (5.17, 5.17): 0.13
30, 0, 14, 652, 1280, 197, 14, 0, 0: (5.35, 5.35): 0.136
24, 0, 0, 787, 1539, 212, 16, 44, 2: (4.69, 4.69): 0.131
