10, 0, 4, 125, 148, 0, 0, 0, 0: (6.93, 6.93): 0.28
10, 0, 4, 125, 148, 37, 0, 0, 0: (6.93, 6.93): 0.125
10, 0, 4, 125, 259, 37, 6, 0, 0: (6.93, 6.93): 0.134
10, 2, 0, 361, 921, 131, 18, 47, 6: (6.11, 6.75): 0.201
20, 9, 14, 125, 148, 0, 0, 0, 0: (6.24, 6.80): 0.113
20, 0, 13, 130, 155, 39, 0, 0, 0: (5.95, 5.95): 0.123
20, 0, 13, 125, 259, 37, 6, 0, 0: (6.17, 6.17): 0.129
14, 1, 0, 1071, 1864, 269, 26, 67, 9: (5.28, 5.43): 0.208
30, 18, 24, 125, 148, 0, 0, 0, 0: (6.01, 6.70): 0.122
30, 0, 23, 233, 283, 89, 0, 0, 0: (5.37, 5.37): 0.112
30, 0, 23, 186, 432, 68, 11, 0, 0: (5.58, 5.58): 0.111
14, 1, 0, 1071, 1864, 269, 26, 67, 9: (5.28, 5.43): 0.127
