Top-k, (AvgResultRelev, AvgResultRelev/ResultRelevs[0], AvgResultDiss) numOfKNListsRead, numOfNKMapLookups, numOfAnswerTreesExplored, elapseTime, 
BlinkSearcher, 5, 6.58575, 0.92566, 0.47000, 1767, 2546, 775, 0.095268891, 
BlinkSearcher, 5, 6.58575, 0.92566, 0.47000, 1767, 2546, 775, 0.058106393, 
ExhustiveSearcher, 5, 6.53298, 0.91824, 0.73000, 2540, 3858, 1267, 0.0817113, 151, 145, 151, 
Astar1, 5, 6.53298, 0.91824, 0.73000, 2540, 3858, 1267, 0.062957051, 555, 124, 12 66, 
Astar2, 5, 6.53298, 0.91824, 0.73000, 2540, 3858, 1267, 0.062918608, 212, 120, 12 26, 
BlinkSearcher, 10, 6.40898, 0.90081, 0.64222, 2501, 3800, 1247, 0.062122598, 
ExhustiveSearcher, 10, 6.39246, 0.89849, 0.70222, 2540, 3858, 1267, 0.068162995, 2052, 2037, 2030, 
Astar1, 10, 6.39246, 0.89849, 0.70222, 2540, 3858, 1267, 0.06560396, 901, 196, 7 190, 
Astar2, 10, 6.39246, 0.89849, 0.70222, 2540, 3858, 1267, 0.065726532, 575, 208, 7 149, 
BlinkSearcher, 15, 6.31302, 0.88732, 0.70190, 2501, 3800, 1247, 0.063002304, 
ExhustiveSearcher, 15, 6.31302, 0.88732, 0.70190, 2501, 3800, 1247, 0.209032136, 32767, 32766, 32767, 
Astar1, 15, 6.31302, 0.88732, 0.70190, 2540, 3858, 1267, 0.064255463, 256, 32, 2 119, 
Astar2, 15, 6.31302, 0.88732, 0.70190, 2540, 3858, 1267, 0.064507281, 256, 32, 2 119, 
