Top-k, (AvgResultRelev, AvgResultRelev/ResultRelevs[0], AvgResultDiss) numOfKNListsRead, numOfNKMapLookups, numOfAnswerTreesExplored, elapseTime, 
BlinkSearcher, 5, 7.10392, 0.94515, 0.64000, 1374, 2318, 864, 0.104912369, 
BlinkSearcher, 5, 7.10392, 0.94515, 0.64000, 1374, 2318, 864, 0.061113077, 
ExhustiveSearcher, 5, 7.08327, 0.94240, 0.82000, 2317, 3842, 1351, 0.089152223, 95, 35, 95, 
Astar1, 5, 7.08327, 0.94240, 0.82000, 2317, 3842, 1351, 0.065782264, 58, 19, 3 18, 
Astar2, 5, 7.08327, 0.94240, 0.82000, 2317, 3842, 1351, 0.065917779, 58, 19, 3 18, 
BlinkSearcher, 10, 6.88666, 0.91625, 0.68222, 2618, 4371, 1499, 0.074258988, 
ExhustiveSearcher, 10, 6.88012, 0.91538, 0.71111, 2989, 5019, 1721, 0.083800427, 2038, 2024, 2033, 
Astar1, 10, 6.88012, 0.91538, 0.71111, 2989, 5019, 1721, 0.068201579, 194, 35, 3 63, 
Astar2, 10, 6.88012, 0.91538, 0.71111, 2989, 5019, 1721, 0.068012526, 194, 35, 3 63, 
BlinkSearcher, 15, 6.74301, 0.89713, 0.76667, 4826, 8433, 3106, 0.126405789, 
ExhustiveSearcher, 15, 6.74301, 0.89713, 0.76667, 4826, 8433, 3106, 0.230362253, 32767, 32766, 32767, 
Astar1, 15, 6.74301, 0.89713, 0.76667, 4826, 8433, 3106, 0.080823205, 121, 16, 1 105, 
Astar2, 15, 6.74301, 0.89713, 0.76667, 4826, 8433, 3106, 0.080574389, 121, 16, 1 105, 
