Top-k, (AvgResultRelev, AvgResultRelev/ResultRelevs[0], AvgResultDiss) numOfKNListsRead, numOfNKMapLookups, numOfAnswerTreesExplored, elapseTime, 
BlinkSearcher, 5, 8.49679, 0.89812, 0.57000, 1525, 2184, 656, 0.19613979, 
BlinkSearcher, 5, 8.49679, 0.89812, 0.57000, 1525, 2184, 656, 0.072708011, 
ExhustiveSearcher, 5, 8.45200, 0.89338, 0.71000, 2016, 2900, 882, 0.095318796, 459, 444, 448, 
Astar1, 5, 8.45200, 0.89338, 0.71000, 2016, 2900, 882, 0.109819322, 1531, 380, 24 120, 
Astar2, 5, 8.45200, 0.89338, 0.71000, 2016, 2900, 882, 0.08648945, 1474, 380, 24 120, 
BlinkSearcher, 10, 8.10904, 0.85713, 0.52667, 1525, 2184, 656, 0.063292825, 
ExhustiveSearcher, 10, 8.08665, 0.85476, 0.70000, 2016, 2900, 882, 39.002579697, 3526509, 1677, 3526509, 
Astar1, 10, 8.08665, 0.85476, 0.70000, 2016, 2900, 882, 0.979230863, 64701, 36028, 19 16287, 
Astar2, 10, 8.08665, 0.85476, 0.70000, 2016, 2900, 882, 1.05412448, 64701, 36028, 19 16287, 
BlinkSearcher, 15, 7.97980, 0.84347, 0.54571, 1525, 2184, 656, 0.058253204, 
