Top-k, (AvgResultRelev, AvgResultRelev/ResultRelevs[0], AvgResultDiss) numOfKNListsRead, numOfNKMapLookups, numOfAnswerTreesExplored, elapseTime, 
BlinkSearcher, 5, 8.49679, 0.89812, 0.57000, 1526, 2367, 657, 0.210003206, 
BlinkSearcher, 5, 8.49679, 0.89812, 0.57000, 1526, 2367, 657, 0.07246013, 
ExhustiveSearcher, 5, 8.45200, 0.89338, 0.71000, 2016, 3138, 882, 0.103932094, 459, 444, 448, 
Astar1, 5, 8.45200, 0.89338, 0.71000, 2016, 3138, 882, 0.105686291, 1531, 380, 24 120, 
Astar2, 5, 8.45200, 0.89338, 0.71000, 2016, 3138, 882, 0.093448274, 1474, 380, 24 120, 
BlinkSearcher, 10, 8.10904, 0.85713, 0.52667, 1526, 2367, 657, 0.067735623, 
ExhustiveSearcher, 10, 8.08665, 0.85476, 0.70000, 2016, 3138, 882, 36.704693878, 3526509, 1677, 3526509, 
Astar1, 10, 8.08665, 0.85476, 0.70000, 2016, 3138, 882, 1.030536824, 64701, 36028, 19 16287, 
Astar2, 10, 8.08665, 0.85476, 0.70000, 2016, 3138, 882, 1.114401247, 64701, 36028, 19 16287, 
BlinkSearcher, 15, 7.97980, 0.84347, 0.54571, 1526, 2367, 657, 0.063394439, 
