Top-k, (AvgResultRelev, AvgResultRelev/ResultRelevs[0], AvgResultDiss) numOfKNListsRead, numOfNKMapLookups, numOfAnswerTreesExplored, elapseTime, 
BlinkSearcher, 5, 7.08223, 0.86213, 0.55000, 1184, 1670, 425, 0.078502644, 
BlinkSearcher, 5, 7.08223, 0.86213, 0.55000, 1184, 1670, 425, 0.059545176, 
ExhustiveSearcher, 5, 6.91771, 0.84210, 0.78000, 1959, 2825, 771, 0.072844674, 102, 38, 102, 
Astar1, 5, 6.91771, 0.84210, 0.78000, 1959, 2825, 771, 0.060663621, 59, 23, 3 16, 
Astar2, 5, 6.91771, 0.84210, 0.78000, 1959, 2825, 771, 0.057733633, 59, 23, 3 16, 
BlinkSearcher, 10, 6.43024, 0.78276, 0.63556, 2513, 3556, 933, 0.064812351, 
ExhustiveSearcher, 10, 6.41669, 0.78111, 0.71556, 2615, 3688, 960, 3.129186842, 530545, 530524, 530534, 
Astar1, 10, 6.41669, 0.78111, 0.71556, 2615, 3688, 960, 0.072893071, 1933, 351, 14 254, 
Astar2, 10, 6.41669, 0.78111, 0.71556, 2615, 3688, 960, 0.071419534, 1933, 351, 14 254, 
BlinkSearcher, 15, 6.17731, 0.75197, 0.48667, 2513, 3556, 933, 0.061632745, 
ExhustiveSearcher, 15, 6.14044, 0.74748, 0.70095, 7222, 9763, 2205, 492.887723119, 59151440, 59151418, 59131640, 
Astar1, 15, 6.14044, 0.74748, 0.70095, 7222, 9763, 2205, 13.437677003, 752320, 195200, 25 85764, 
Astar2, 15, 6.14044, 0.74748, 0.70095, 7222, 9763, 2205, 10.339552469, 390048, 195199, 25 49287, 
