Top-k, (AvgResultRelev, AvgResultRelev/ResultRelevs[0], AvgResultDiss) numOfKNListsRead, numOfNKMapLookups, numOfAnswerTreesExplored, elapseTime, 
BlinkSearcher, 5, 6.75715, 0.91955, 0.35000, 1971, 2481, 507, 0.089161871, 
BlinkSearcher, 5, 6.75715, 0.91955, 0.35000, 1971, 2481, 507, 0.067987066, 
ExhustiveSearcher, 5, 6.46758, 0.88014, 0.74000, 4112, 5532, 1436, 0.11409908, 3555, 3542, 2467, 
Astar1, 5, 6.46758, 0.88014, 0.74000, 4112, 5532, 1436, 0.08539511, 3660, 1247, 21 292, 
Astar2, 5, 6.46758, 0.88014, 0.74000, 4112, 5532, 1436, 0.095787662, 3076, 1247, 21 292, 
BlinkSearcher, 10, 6.42333, 0.87412, 0.49778, 3951, 5304, 1363, 0.068316816, 
ExhustiveSearcher, 10, 6.31344, 0.85916, 0.70667, 6609, 8863, 2292, 3.019980893, 449114, 449077, 447063, 
Astar1, 10, 6.31344, 0.85916, 0.70667, 6609, 8863, 2292, 2.139909857, 206101, 24438, 47 7514, 
Astar2, 10, 6.31344, 0.85916, 0.70667, 6609, 8863, 2292, 1.258823188, 92886, 24438, 47 7514, 
BlinkSearcher, 15, 6.26473, 0.85254, 0.49143, 4055, 5449, 1410, 0.063724752, 
ExhustiveSearcher, 15, 6.17277, 0.84002, 0.70857, 6609, 8863, 2292, 400.458575028, 39461836, 39461791, 35265378, 
Astar1, 15, 6.17277, 0.84002, 0.70857, 6609, 8863, 2292, 12.419073164, 941813, 100308, 42 45674, 
Astar2, 15, 6.17277, 0.84002, 0.70857, 6609, 8863, 2292, 7.299944984, 309833, 100308, 42 22880, 
