Top-k, (AvgResultRelev, AvgResultRelev/ResultRelevs[0], AvgResultDiss) numOfKNListsRead, numOfNKMapLookups, numOfAnswerTreesExplored, elapseTime, 
BlinkSearcher, 5, 7.03085, 0.88604, 0.51000, 2877, 4366, 1234, 0.169825146, 
BlinkSearcher, 5, 7.03085, 0.88604, 0.51000, 2877, 4366, 1234, 0.06447098, 
ExhustiveSearcher, 5, 6.98766, 0.88059, 0.71000, 4826, 7441, 2207, 0.115325753, 160, 154, 160, 
Astar1, 5, 6.98766, 0.88059, 0.71000, 4826, 7441, 2207, 0.074007653, 337, 114, 7 65, 
Astar2, 5, 6.98766, 0.88059, 0.71000, 4826, 7441, 2207, 0.075286497, 182, 112, 7 32, 
BlinkSearcher, 10, 6.84803, 0.86300, 0.64444, 4826, 7441, 2207, 0.07431185, 
ExhustiveSearcher, 10, 6.81569, 0.85892, 0.70000, 5435, 8372, 2474, 0.098764252, 4049, 1061, 4049, 
Astar1, 10, 6.81569, 0.85892, 0.70000, 5435, 8372, 2474, 0.07582069, 286, 58, 3 133, 
Astar2, 10, 6.81569, 0.85892, 0.70000, 5435, 8372, 2474, 0.075338635, 286, 58, 3 133, 
BlinkSearcher, 15, 6.65956, 0.83925, 0.74286, 5596, 8620, 2542, 0.08019294, 
ExhustiveSearcher, 15, 6.65956, 0.83925, 0.74286, 5596, 8620, 2542, 0.212186183, 32767, 32766, 32767, 
Astar1, 15, 6.65956, 0.83925, 0.74286, 5596, 8620, 2542, 0.075808498, 121, 16, 1 105, 
Astar2, 15, 6.65956, 0.83925, 0.74286, 5596, 8620, 2542, 0.075808141, 121, 16, 1 105, 
