Top-k, (AvgResultRelev, AvgResultRelev/ResultRelevs[0], AvgResultDiss) numOfKNListsRead, numOfNKMapLookups, numOfAnswerTreesExplored, elapseTime, 
BlinkSearcher, 5, 7.67840, 0.91737, 0.62000, 2067, 3030, 887, 0.101229588, 
BlinkSearcher, 5, 7.67840, 0.91737, 0.62000, 2067, 3030, 887, 0.057924801, 
ExhustiveSearcher, 5, 7.65614, 0.91471, 0.76000, 2545, 3854, 1231, 0.075482094, 61, 53, 57, 
Astar1, 5, 7.65614, 0.91471, 0.76000, 2545, 3854, 1231, 0.062897236, 58, 19, 3 18, 
Astar2, 5, 7.65614, 0.91471, 0.76000, 2545, 3854, 1231, 0.063915311, 58, 19, 3 18, 
BlinkSearcher, 10, 7.39705, 0.88376, 0.77556, 2545, 3854, 1231, 0.063617427, 
ExhustiveSearcher, 10, 7.39705, 0.88376, 0.77556, 2545, 3854, 1231, 0.065812017, 1023, 1022, 1023, 
Astar1, 10, 7.39705, 0.88376, 0.77556, 2545, 3854, 1231, 0.063592162, 56, 11, 1 45, 
Astar2, 10, 7.39705, 0.88376, 0.77556, 2545, 3854, 1231, 0.063410497, 56, 11, 1 45, 
BlinkSearcher, 15, 7.25700, 0.86703, 0.82667, 2759, 4206, 1366, 0.067787008, 
ExhustiveSearcher, 15, 7.25700, 0.86703, 0.82667, 2759, 4206, 1366, 0.193443415, 32767, 32766, 32767, 
Astar1, 15, 7.25700, 0.86703, 0.82667, 2759, 4206, 1366, 0.063804329, 121, 16, 1 105, 
Astar2, 15, 7.25700, 0.86703, 0.82667, 2759, 4206, 1366, 0.067731974, 121, 16, 1 105, 
