Top-k, (AvgResultRelev, AvgResultRelev/ResultRelevs[0], AvgResultDiss) numOfKNListsRead, numOfNKMapLookups, numOfAnswerTreesExplored, elapseTime, 
query: [spy, killer, action]
BlinkSearcher, 4, 7.09296, 0.89386, 0.46667, 2877, 4366, 1234, 0.254993595, 
BlinkSearcher, 4, 7.09296, 0.89386, 0.46667, 2877, 4366, 1234, 0.10971453, 
ExhustiveSearcher, 4, 7.02618, 0.88545, 0.75000, 5435, 8372, 2474, 0.185789746, 90, 83, 88, 
Astar1, 4, 7.02618, 0.88545, 0.75000, 5435, 8372, 2474, 0.116937618, 291, 111, 9 49, 
Astar2, 4, 7.02618, 0.88545, 0.75000, 5435, 8372, 2474, 0.134671372, 182, 111, 9 24, 
BlinkSearcher, 8, 6.90851, 0.87062, 0.61429, 4826, 7441, 2207, 0.086185858, 
ExhustiveSearcher, 8, 6.84810, 0.86301, 0.71429, 5435, 8372, 2474, 0.098941335, 1802, 1791, 1795, 
Astar1, 8, 6.84810, 0.86301, 0.71429, 5435, 8372, 2474, 0.093071169, 1235, 336, 6 366, 
Astar2, 8, 6.84810, 0.86301, 0.71429, 5435, 8372, 2474, 0.085371303, 873, 336, 6 265, 
BlinkSearcher, 12, 6.77410, 0.85368, 0.70152, 5435, 8372, 2474, 0.094345013, 
ExhustiveSearcher, 12, 6.77410, 0.85368, 0.70152, 5435, 8372, 2474, 0.091715454, 4095, 4094, 4095, 
Astar1, 12, 6.77410, 0.85368, 0.70152, 5435, 8372, 2474, 0.07555106, 79, 13, 1 66, 
Astar2, 12, 6.77410, 0.85368, 0.70152, 5435, 8372, 2474, 0.074415022, 79, 13, 1 66, 
BlinkSearcher, 16, 6.62322, 0.83467, 0.73833, 5596, 8620, 2542, 0.086434313, 
ExhustiveSearcher, 16, 6.62322, 0.83467, 0.73833, 5596, 8620, 2542, 0.481916329, 65535, 65534, 65535, 
Astar1, 16, 6.62322, 0.83467, 0.73833, 5596, 8620, 2542, 0.08085381, 137, 17, 1 120, 
Astar2, 16, 6.62322, 0.83467, 0.73833, 5596, 8620, 2542, 0.082219812, 137, 17, 1 120, 
query: [vampire, zombie, horror]
BlinkSearcher, 4, 7.78450, 0.93005, 0.60000, 2067, 3030, 887, 0.100916346, 
BlinkSearcher, 4, 7.78450, 0.93005, 0.60000, 2067, 3030, 887, 0.059628554, 
ExhustiveSearcher, 4, 7.75319, 0.92631, 0.76667, 2545, 3854, 1231, 0.074780986, 26, 21, 25, 
Astar1, 4, 7.75319, 0.92631, 0.76667, 2545, 3854, 1231, 0.06246109, 62, 22, 4 15, 
Astar2, 4, 7.75319, 0.92631, 0.76667, 2545, 3854, 1231, 0.063895746, 36, 22, 4 9, 
BlinkSearcher, 8, 7.47505, 0.89308, 0.77143, 2545, 3854, 1231, 0.064024716, 
ExhustiveSearcher, 8, 7.47505, 0.89308, 0.73571, 2545, 3854, 1231, 0.065107748, 255, 254, 255, 
Astar1, 8, 7.47505, 0.89308, 0.73571, 2545, 3854, 1231, 0.064595754, 37, 9, 1 28, 
Astar2, 8, 7.47505, 0.89308, 0.73571, 2545, 3854, 1231, 0.064384007, 37, 9, 1 28, 
BlinkSearcher, 12, 7.33710, 0.87660, 0.82121, 2554, 3870, 1238, 0.064625763, 
ExhustiveSearcher, 12, 7.33710, 0.87660, 0.82121, 2554, 3870, 1238, 0.080133893, 4095, 4094, 4095, 
Astar1, 12, 7.33710, 0.87660, 0.82121, 2554, 3870, 1238, 0.065429293, 79, 13, 1 66, 
Astar2, 12, 7.33710, 0.87660, 0.82121, 2554, 3870, 1238, 0.064636397, 79, 13, 1 66, 
BlinkSearcher, 16, 7.23523, 0.86443, 0.81333, 2759, 4206, 1366, 0.071706379, 
ExhustiveSearcher, 16, 7.23523, 0.86443, 0.81333, 2759, 4206, 1366, 0.482813788, 65535, 65534, 65535, 
Astar1, 16, 7.23523, 0.86443, 0.81333, 4521, 7109, 2507, 0.108001232, 290, 34, 2 136, 
Astar2, 16, 7.23523, 0.86443, 0.81333, 4521, 7109, 2507, 0.076811493, 290, 34, 2 136, 
query: [sf, fantasy, future]
BlinkSearcher, 4, 6.86550, 0.93429, 0.25000, 1923, 2421, 495, 0.078963857, 
BlinkSearcher, 4, 6.86550, 0.93429, 0.25000, 1923, 2421, 495, 0.054420847, 
ExhustiveSearcher, 4, 6.46463, 0.87974, 0.76667, 4058, 5453, 1411, 0.091933872, 829, 667, 648, 
Astar1, 4, 6.46463, 0.87974, 0.76667, 4058, 5453, 1411, 0.069749044, 1509, 617, 18 130, 
Astar2, 4, 6.46463, 0.87974, 0.76667, 4058, 5453, 1411, 0.071688495, 1509, 617, 18 130, 
BlinkSearcher, 8, 6.52521, 0.88798, 0.47500, 3918, 5259, 1351, 0.062351807, 
ExhustiveSearcher, 8, 6.37171, 0.86709, 0.71071, 4127, 5549, 1438, 1.029705681, 134737, 134704, 134695, 
Astar1, 8, 6.37171, 0.86709, 0.71071, 4127, 5549, 1438, 0.519840417, 38604, 6882, 29 2747, 
Astar2, 8, 6.37171, 0.86709, 0.71071, 4127, 5549, 1438, 0.395197379, 15026, 6882, 29 1836, 
BlinkSearcher, 12, 6.34870, 0.86396, 0.52121, 3951, 5304, 1363, 0.067549239, 
ExhustiveSearcher, 12, 6.25211, 0.85082, 0.70152, 6522, 8758, 2274, 24.00819174, 2887201, 2887159, 2808294, 
Astar1, 12, 6.25211, 0.85082, 0.70152, 6522, 8758, 2274, 2.922807999, 208105, 36458, 26 21741, 
Astar2, 12, 6.25211, 0.85082, 0.70152, 6522, 8758, 2274, 2.531305027, 199496, 36458, 26 21741, 
BlinkSearcher, 16, 6.24265, 0.84953, 0.49667, 4055, 5449, 1410, 0.063581151, 
