Top-k, (AvgResultRelev, AvgResultRelev/ResultRelevs[0], AvgResultDiss) numOfKNListsRead, numOfNKMapLookups, numOfAnswerTreesExplored, elapseTime, 
query: [sf, fantasy, future]
BlinkSearcher, 4, 6.86550, 0.93429, 0.25000, 1923, 2421, 495, 0.14382258, 
BlinkSearcher, 4, 6.86550, 0.93429, 0.25000, 1923, 2421, 495, 0.067609297, 
ExhustiveSearcher, 4, 6.46463, 0.87974, 0.76667, 4058, 5453, 1411, 0.129094655, 829, 667, 648, 
Astar1, 4, 6.46463, 0.87974, 0.76667, 4058, 5453, 1411, 0.135603702, 1509, 617, 18 130, 
Astar2, 4, 6.46463, 0.87974, 0.76667, 4058, 5453, 1411, 0.117379283, 1509, 617, 18 130, 
BlinkSearcher, 8, 6.52521, 0.88798, 0.47500, 3918, 5259, 1351, 0.095694336, 
ExhustiveSearcher, 8, 6.37171, 0.86709, 0.71071, 4127, 5549, 1438, 1.101643292, 134737, 134704, 134695, 
Astar1, 8, 6.37171, 0.86709, 0.71071, 4127, 5549, 1438, 0.476954079, 38604, 6882, 29 2747, 
Astar2, 8, 6.37171, 0.86709, 0.71071, 4127, 5549, 1438, 0.308809377, 15026, 6882, 29 1836, 
BlinkSearcher, 12, 6.34870, 0.86396, 0.52121, 3951, 5304, 1363, 0.065988986, 
ExhustiveSearcher, 12, 6.25211, 0.85082, 0.70152, 6522, 8758, 2274, 24.17695395, 2887201, 2887159, 2808294, 
Astar1, 12, 6.25211, 0.85082, 0.70152, 6522, 8758, 2274, 2.39029939, 208105, 36458, 26 21741, 
Astar2, 12, 6.25211, 0.85082, 0.70152, 6522, 8758, 2274, 2.932747117, 199496, 36458, 26 21741, 
BlinkSearcher, 16, 6.24265, 0.84953, 0.49667, 4055, 5449, 1410, 0.070011615, 
