Top-k, (AvgResultRelev, AvgResultRelev/ResultRelevs[0], AvgResultDiss) numOfKNListsRead, numOfNKMapLookups, numOfAnswerTreesExplored, elapseTime, 
query: [sf, time, travel]
BlinkSearcher, 4, 7.26895, 0.88486, 0.25000, 1163, 1640, 416, 0.130425001, 
BlinkSearcher, 4, 7.26895, 0.88486, 0.25000, 1163, 1640, 416, 0.061292731, 
ExhustiveSearcher, 4, 6.85280, 0.83420, 0.88333, 1959, 2825, 771, 0.084599892, 63, 23, 63, 
Astar1, 4, 6.85280, 0.83420, 0.88333, 1959, 2825, 771, 0.083203917, 61, 29, 4 13, 
Astar2, 4, 6.85280, 0.83420, 0.88333, 1959, 2825, 771, 0.070263189, 61, 29, 4 13, 
BlinkSearcher, 8, 6.61994, 0.80586, 0.70000, 1959, 2825, 771, 0.063992789, 
ExhustiveSearcher, 8, 6.61994, 0.80586, 0.70000, 1959, 2825, 771, 0.064838075, 255, 254, 255, 
Astar1, 8, 6.61994, 0.80586, 0.70000, 2513, 3556, 933, 0.072300036, 80, 18, 2 34, 
Astar2, 8, 6.61994, 0.80586, 0.70000, 2513, 3556, 933, 0.065523895, 80, 18, 2 34, 
BlinkSearcher, 12, 6.30377, 0.76737, 0.56970, 2513, 3556, 933, 0.068403613, 
ExhustiveSearcher, 12, 6.28118, 0.76462, 0.70152, 2615, 3688, 960, 16.175940899, 2404647, 2404631, 2404515, 
Astar1, 12, 6.28118, 0.76462, 0.70152, 2615, 3688, 960, 0.139309888, 10461, 1646, 16 1663, 
Astar2, 12, 6.28118, 0.76462, 0.70152, 2615, 3688, 960, 0.142123268, 10461, 1646, 16 1663, 
BlinkSearcher, 16, 6.14569, 0.74812, 0.46333, 2513, 3556, 933, 0.061178922, 
