Top-k, (AvgResultRelev, AvgResultRelev/ResultRelevs[0], AvgResultDiss) numOfKNListsRead, numOfNKMapLookups, numOfAnswerTreesExplored, elapseTime, 
query: [academy, award, drama]
BlinkSearcher, 4, 7.55305, 0.91537, 0.41667, 1746, 2870, 938, 0.228196079, 
BlinkSearcher, 4, 7.55305, 0.91537, 0.41667, 1746, 2870, 938, 0.075021441, 
ExhustiveSearcher, 4, 7.26409, 0.88035, 0.75000, 1790, 2939, 958, 0.099500143, 916, 904, 881, 
Astar1, 4, 7.26409, 0.88035, 0.75000, 1790, 2939, 958, 0.105057058, 1087, 409, 23 85, 
Astar2, 4, 7.26409, 0.88035, 0.75000, 1790, 2939, 958, 0.089714174, 900, 413, 23 85, 
BlinkSearcher, 8, 7.15481, 0.86711, 0.42500, 1773, 2915, 953, 0.067571001, 
ExhustiveSearcher, 8, 7.08692, 0.85888, 0.70357, 1790, 2939, 958, 1.06827869, 123656, 81573, 80819, 
Astar1, 8, 7.08692, 0.85888, 0.70357, 1790, 2939, 958, 0.099438806, 3775, 1177, 19 301, 
Astar2, 8, 7.08692, 0.85888, 0.70357, 1790, 2939, 958, 0.104161332, 3775, 1177, 19 301, 
BlinkSearcher, 12, 6.98680, 0.84675, 0.35909, 1773, 2915, 953, 0.062504164, 
ExhustiveSearcher, 12, 6.91754, 0.83835, 0.70000, 1911, 3123, 1017, 54.182763853, 7830429, 7830417, 7830429, 
Astar1, 12, 6.91754, 0.83835, 0.70000, 1911, 3123, 1017, 0.308775016, 20562, 4895, 16 5793, 
Astar2, 12, 6.91754, 0.83835, 0.70000, 1911, 3123, 1017, 0.311998317, 20562, 4895, 16 5793, 
BlinkSearcher, 16, 6.88339, 0.83421, 0.37500, 1773, 2915, 953, 0.062311712, 
ExhustiveSearcher, 16, 6.80735, 0.82500, 0.70167, 5688, 9879, 3892, 481.073513665, 62077111, 61907223, 61992919, 
Astar1, 16, 6.80735, 0.82500, 0.70167, 5688, 9879, 3892, 8.429865858, 817795, 177236, 13 318622, 
Astar2, 16, 6.80735, 0.82500, 0.70167, 5688, 9879, 3892, 8.153044099, 817795, 177236, 13 318622, 
query: [aircraft, ship, battle]
BlinkSearcher, 4, 6.65666, 0.93562, 0.25000, 1767, 2546, 775, 0.091237894, 
BlinkSearcher, 4, 6.65666, 0.93562, 0.25000, 1767, 2546, 775, 0.057179602, 
ExhustiveSearcher, 4, 6.59070, 0.92635, 0.78333, 1785, 2569, 776, 0.057170496, 93, 28, 93, 
Astar1, 4, 6.59070, 0.92635, 0.78333, 1785, 2569, 776, 0.056593273, 71, 27, 5 16, 
Astar2, 4, 6.59070, 0.92635, 0.78333, 1785, 2569, 776, 0.056365591, 71, 27, 5 16, 
BlinkSearcher, 8, 6.47699, 0.91037, 0.57500, 1785, 2569, 776, 0.056953437, 
ExhustiveSearcher, 8, 6.43569, 0.90456, 0.71786, 2540, 3858, 1267, 0.081747009, 957, 944, 950, 
Astar1, 8, 6.43569, 0.90456, 0.71786, 2540, 3858, 1267, 0.06285923, 966, 196, 9 155, 
Astar2, 8, 6.43569, 0.90456, 0.70714, 2540, 3858, 1267, 0.062792703, 491, 192, 9 84, 
BlinkSearcher, 12, 6.36363, 0.89444, 0.68485, 2501, 3800, 1247, 0.060776796, 
ExhustiveSearcher, 12, 6.34987, 0.89250, 0.70909, 2540, 3858, 1267, 0.08692714, 8208, 8192, 8179, 
Astar1, 12, 6.34987, 0.89250, 0.70909, 2540, 3858, 1267, 0.062843189, 691, 160, 5 189, 
Astar2, 12, 6.34987, 0.89250, 0.70909, 2540, 3858, 1267, 0.063409206, 691, 160, 5 189, 
BlinkSearcher, 16, 6.28741, 0.88372, 0.70333, 2540, 3858, 1267, 0.062045346, 
ExhustiveSearcher, 16, 6.28741, 0.88372, 0.70333, 2540, 3858, 1267, 0.659129417, 131049, 65539, 131049, 
Astar1, 16, 6.28741, 0.88372, 0.70333, 2540, 3858, 1267, 0.060754637, 289, 35, 2 135, 
Astar2, 16, 6.28741, 0.88372, 0.70333, 2540, 3858, 1267, 0.061459178, 289, 35, 2 135, 
query: [crime, killer, thriller]
BlinkSearcher, 4, 7.16708, 0.95355, 0.76667, 1374, 2318, 864, 0.100754633, 
BlinkSearcher, 4, 7.16708, 0.95355, 0.76667, 1374, 2318, 864, 0.058156725, 
ExhustiveSearcher, 4, 7.16708, 0.95355, 0.76667, 1374, 2318, 864, 0.058216101, 15, 14, 15, 
Astar1, 4, 7.16708, 0.95355, 0.76667, 1374, 2318, 864, 0.058230966, 11, 5, 1 6, 
Astar2, 4, 7.16708, 0.95355, 0.76667, 1374, 2318, 864, 0.058295658, 11, 5, 1 6, 
BlinkSearcher, 8, 6.96442, 0.92659, 0.65000, 2600, 4341, 1490, 0.092505307, 
ExhustiveSearcher, 8, 6.94287, 0.92372, 0.71071, 2989, 5019, 1721, 0.076454851, 491, 482, 491, 
Astar1, 8, 6.94287, 0.92372, 0.71071, 2989, 5019, 1721, 0.066379148, 267, 54, 5 61, 
Astar2, 8, 6.94287, 0.92372, 0.71071, 2989, 5019, 1721, 0.066811389, 116, 54, 5 33, 
BlinkSearcher, 12, 6.82713, 0.90833, 0.73333, 2989, 5019, 1721, 0.066410665, 
ExhustiveSearcher, 12, 6.82713, 0.90833, 0.73333, 2989, 5019, 1721, 0.078451199, 4095, 4094, 4095, 
Astar1, 12, 6.82713, 0.90833, 0.73333, 2989, 5019, 1721, 0.065887834, 79, 13, 1 66, 
Astar2, 12, 6.82713, 0.90833, 0.73333, 2989, 5019, 1721, 0.065873038, 79, 13, 1 66, 
BlinkSearcher, 16, 6.71342, 0.89320, 0.79417, 4826, 8433, 3106, 0.124389727, 
ExhustiveSearcher, 16, 6.71342, 0.89320, 0.79167, 4826, 8433, 3106, 0.366874317, 65535, 65534, 65535, 
Astar1, 16, 6.71342, 0.89320, 0.79167, 4826, 8433, 3106, 0.078943519, 137, 17, 1 120, 
Astar2, 16, 6.71342, 0.89320, 0.79167, 4826, 8433, 3106, 0.078929233, 137, 17, 1 120, 
query: [disaster, earth, escape]
BlinkSearcher, 4, 7.37053, 0.95239, 0.46667, 895, 1475, 532, 0.084704627, 
BlinkSearcher, 4, 7.37053, 0.95239, 0.46667, 895, 1475, 532, 0.057290224, 
ExhustiveSearcher, 4, 7.33861, 0.94826, 0.80000, 961, 1578, 565, 0.05942926, 37, 16, 37, 
Astar1, 4, 7.33861, 0.94826, 0.80000, 961, 1578, 565, 0.057452257, 40, 16, 3 12, 
Astar2, 4, 7.33861, 0.94826, 0.80000, 961, 1578, 565, 0.058913377, 40, 16, 3 12, 
BlinkSearcher, 8, 6.98736, 0.90288, 0.52143, 1403, 2255, 761, 0.070359085, 
ExhustiveSearcher, 8, 6.96963, 0.90058, 0.70357, 6494, 11102, 4544, 0.277225053, 12778, 12757, 12763, 
Astar1, 8, 6.96963, 0.90058, 0.70357, 6494, 11102, 4544, 0.096651715, 1752, 280, 18 166, 
Astar2, 8, 6.96963, 0.90058, 0.70357, 6494, 11102, 4544, 0.097711572, 1161, 281, 18 128, 
BlinkSearcher, 12, 6.74746, 0.87188, 0.37273, 2045, 3490, 1350, 0.066055297, 
ExhustiveSearcher, 12, 6.73204, 0.86989, 0.70303, 6497, 11106, 4545, 10.661451961, 1564497, 1564461, 1538579, 
Astar1, 12, 6.73204, 0.86989, 0.70303, 6497, 11106, 4545, 0.296058013, 18814, 6238, 18 3369, 
Astar2, 12, 6.73204, 0.86989, 0.70303, 6497, 11106, 4545, 0.283855904, 13032, 6238, 18 1996, 
BlinkSearcher, 16, 6.62752, 0.85638, 0.45333, 3287, 5594, 2188, 0.066926691, 
ExhustiveSearcher, 16, 6.60751, 0.85379, 0.70500, 6497, 11106, 4545, 409.824344982, 55417164, 55417144, 55416184, 
Astar1, 16, 6.60751, 0.85379, 0.70500, 6497, 11106, 4545, 2.609838484, 241971, 63531, 14 60478, 
Astar2, 16, 6.60751, 0.85379, 0.70500, 6497, 11106, 4545, 2.774740197, 241971, 63531, 14 60478, 
query: [history, rome, emperor]
BlinkSearcher, 4, 7.80660, 0.95935, 0.75000, 772, 1308, 356, 0.076114618, 
BlinkSearcher, 4, 7.80660, 0.95935, 0.75000, 772, 1308, 356, 0.056521975, 
ExhustiveSearcher, 4, 7.80660, 0.95935, 0.75000, 772, 1308, 356, 0.056126301, 15, 14, 15, 
Astar1, 4, 7.80660, 0.95935, 0.75000, 772, 1308, 356, 0.056118876, 11, 5, 1 6, 
Astar2, 4, 7.80660, 0.95935, 0.75000, 772, 1308, 356, 0.053535546, 11, 5, 1 6, 
BlinkSearcher, 8, 7.62664, 0.93724, 0.61786, 1351, 2368, 710, 0.070769573, 
ExhustiveSearcher, 8, 7.62664, 0.93724, 0.70714, 4393, 7742, 2205, 0.127138186, 917, 909, 917, 
Astar1, 8, 7.62664, 0.93724, 0.70714, 4393, 7742, 2205, 0.071558971, 188, 35, 4 64, 
Astar2, 8, 7.62664, 0.93724, 0.70714, 4393, 7742, 2205, 0.072882158, 188, 35, 4 64, 
BlinkSearcher, 12, 7.56501, 0.92967, 0.68636, 4393, 7742, 2205, 0.070746234, 
ExhustiveSearcher, 12, 7.56418, 0.92956, 0.72727, 4396, 7746, 2206, 0.096911974, 8173, 8161, 8173, 
Astar1, 12, 7.56418, 0.92956, 0.72727, 4396, 7746, 2206, 0.072062564, 344, 59, 3 146, 
Astar2, 12, 7.56418, 0.92956, 0.72727, 4396, 7746, 2206, 0.071753014, 344, 59, 3 146, 
BlinkSearcher, 16, 7.52731, 0.92503, 0.70417, 4396, 7746, 2206, 0.070567097, 
ExhustiveSearcher, 16, 7.52731, 0.92503, 0.70417, 4396, 7746, 2206, 0.343507389, 65535, 65534, 65535, 
Astar1, 16, 7.52731, 0.92503, 0.70417, 4409, 7768, 2211, 0.073712585, 671, 82, 4 179, 
Astar2, 16, 7.52731, 0.92503, 0.70417, 4409, 7768, 2211, 0.073373661, 671, 82, 4 179, 
query: [police, gangster, fight]
BlinkSearcher, 4, 8.69067, 0.91861, 0.65000, 1526, 2367, 657, 0.095670574, 
BlinkSearcher, 4, 8.69067, 0.91861, 0.65000, 1526, 2367, 657, 0.057382487, 
ExhustiveSearcher, 4, 8.54460, 0.90317, 0.75000, 4266, 6586, 1705, 0.115329194, 27, 22, 26, 
Astar1, 4, 8.54460, 0.90317, 0.75000, 4266, 6586, 1705, 0.089346114, 4748, 719, 53 161, 
Astar2, 4, 8.54460, 0.90317, 0.75000, 4266, 6586, 1705, 0.094971968, 1212, 879, 53 20, 
BlinkSearcher, 8, 8.20598, 0.86738, 0.48929, 1526, 2367, 657, 0.057894693, 
ExhustiveSearcher, 8, 8.17798, 0.86442, 0.70357, 2016, 3138, 882, 1.505658154, 201749, 198623, 200240, 
Astar1, 8, 8.17798, 0.86442, 0.71429, 2016, 3138, 882, 0.146898914, 7627, 3944, 21 1243, 
Astar2, 8, 8.17798, 0.86442, 0.71429, 2016, 3138, 882, 0.15009248, 7627, 3944, 21 1243, 
BlinkSearcher, 12, 8.04442, 0.85030, 0.59091, 1526, 2367, 657, 0.058715965, 
ExhustiveSearcher, 12, 8.00252, 0.84587, 0.70000, 4266, 6586, 1705, 621.701273383, 54623394, 54623371, 45809921, 
