Top-k, (AvgResultRelev, AvgResultRelev/ResultRelevs[0], AvgResultDiss) numOfKNListsRead, numOfNKMapLookups, numOfAnswerTreesExplored, elapseTime, numOfStatesCreated, numOfStatesExplored, numOfHeuristicSearchPerformed, maxQSize, 
query: [disaster, sacrifice, hero]
BlinkSea, 	5, 7.49496, 0.98304, 0.32000, 865, 1346, 469, 0.167627673, 
Exhustiv, 	5, 7.20240, 0.94467, 0.80000, 2508, 4267, 1681, 0.277846282, 619, 592, 607, 
Astar0, 	5, 7.20240, 0.94467, 0.80000, 2508, 4267, 1681, 0.099850377, 276, 200, 10, 50, 
Astar1, 	5, 7.20240, 0.94467, 0.80000, 2508, 4267, 1681, 0.076329591, 157, 64, 10, 37, 
Astar2, 	5, 7.20240, 0.94467, 0.80000, 2508, 4267, 1681, 0.111727503, 238, 200, 10, 32, 
1, 
Astar1nc, 	5, 7.20240, 0.94467, 0.80000, 2508, 4267, 1681, 0.098713699, 157, 64, 10, 37, 
Astar2nc, 	5, 7.20240, 0.94467, 0.80000, 2508, 4267, 1681, 0.089553825, 238, 200, 10, 32, 
1, 
query: [academy, award, thriller]
BlinkSea, 	5, 7.82629, 0.97066, 0.68000, 3066, 5081, 1679, 0.218264244, 
Exhustiv, 	5, 7.66398, 0.95053, 0.82000, 3635, 6058, 2056, 0.18254568, 961, 898, 826, 
Astar0, 	5, 7.66398, 0.95053, 0.82000, 3635, 6058, 2056, 2.683422723, 31651, 31214, 29, 1079, 
Astar1, 	5, 7.66398, 0.95053, 0.82000, 3635, 6058, 2056, 0.16220825, 1477, 305, 29, 239, 
Astar2, 	5, 7.66398, 0.95053, 0.82000, 3635, 6058, 2056, 2.191311672, 31651, 31214, 29, 1079, 
0, 
Astar1nc, 	5, 7.66398, 0.95053, 0.82000, 3635, 6058, 2056, 0.156217853, 1477, 305, 29, 239, 
Astar2nc, 	5, 7.66398, 0.95053, 0.82000, 3635, 6058, 2056, 2.248967877, 31651, 31214, 29, 1079, 
0, 
query: [academy, award, sf]
BlinkSea, 	5, 5.63629, 0.92749, 0.57000, 4320, 7681, 839, 0.143458237, 
Exhustiv, 	5, 5.35033, 0.88043, 0.82000, 9285, 16708, 1971, 0.271412229, 1201, 995, 476, 
Astar0, 	5, 5.35033, 0.88043, 0.82000, 9285, 16708, 1971, 96.986296582, 513116, 511892, 61, 7950, 
Astar1, 	5, 5.35033, 0.88043, 0.82000, 9285, 16708, 1971, 1.045040636, 4682, 1067, 61, 164, 
Astar2, 	5, 5.35033, 0.88043, 0.82000, 9285, 16708, 1971, 94.66072299, 513116, 511892, 61, 7950, 
0, 
Astar1nc, 	5, 5.35033, 0.88043, 0.82000, 9285, 16708, 1971, 1.026621912, 4424, 991, 51, 164, 
Astar2nc, 	5, 5.35033, 0.88043, 0.82000, 9285, 16708, 1971, 97.309834478, 507988, 506764, 51, 7950, 
0, 
query: [academy, award, war]
BlinkSea, 	5, 6.23673, 0.98699, 0.62000, 3473, 5402, 1837, 0.204620567, 
Exhustiv, 	5, 6.15352, 0.97382, 0.82000, 4791, 7651, 2688, 0.106219623, 152, 131, 136, 
Astar0, 	5, 6.15352, 0.97382, 0.82000, 4791, 7651, 2688, 0.105541317, 115, 68, 6, 29, 
Astar1, 	5, 6.15352, 0.97382, 0.82000, 4791, 7651, 2688, 0.10095934, 67, 36, 6, 29, 
Astar2, 	5, 6.15352, 0.97382, 0.82000, 4791, 7651, 2688, 0.093473104, 87, 66, 6, 16, 
1, 
Astar1nc, 	5, 6.15352, 0.97382, 0.82000, 4791, 7651, 2688, 0.095074711, 57, 27, 4, 29, 
Astar2nc, 	5, 6.15352, 0.97382, 0.82000, 4791, 7651, 2688, 0.093415644, 73, 45, 4, 17, 
1, 
query: [sf, time, travel]
BlinkSea, 	5, 6.73296, 0.87552, 0.50833, 2328, 3131, 812, 0.122276901, 
Exhustiv, 	5, 6.41541, 0.83423, 0.80500, 6240, 8557, 2302, 0.240197572, 10515, 10510, 10515, 
Astar0, 	5, 6.41541, 0.83423, 0.80500, 6240, 8557, 2302, 0.393545708, 6540, 6240, 25, 226, 
Astar1, 	5, 6.41541, 0.83423, 0.80500, 6240, 8557, 2302, 0.121127094, 730, 255, 25, 59, 
Astar2, 	5, 6.41541, 0.83423, 0.80500, 6240, 8557, 2302, 0.375211097, 6386, 6238, 25, 226, 
1, 
Astar1nc, 	5, 6.41541, 0.83423, 0.80500, 6240, 8557, 2302, 0.117791936, 539, 182, 16, 59, 
Astar2nc, 	5, 6.41541, 0.83423, 0.80500, 6240, 8557, 2302, 0.333708872, 5166, 5018, 17, 226, 
1, 
query: [explosion, rescue, escape]
BlinkSea, 	5, 5.58961, 0.99211, 0.51000, 1662, 2826, 1122, 0.157913347, 
Exhustiv, 	5, 5.52489, 0.98063, 0.80000, 1680, 2854, 1133, 0.097085398, 667, 152, 667, 
Astar0, 	5, 5.52489, 0.98063, 0.80000, 1680, 2854, 1133, 0.089280808, 313, 208, 8, 106, 
Astar1, 	5, 5.52489, 0.98063, 0.80000, 1680, 2854, 1133, 0.085971119, 241, 97, 8, 94, 
Astar2, 	5, 5.52489, 0.98063, 0.80000, 1680, 2854, 1133, 0.080512571, 313, 208, 8, 106, 
0, 
Astar1nc, 	5, 5.52489, 0.98063, 0.80000, 1680, 2854, 1133, 0.077980283, 216, 82, 5, 94, 
Astar2nc, 	5, 5.52489, 0.98063, 0.80000, 1680, 2854, 1133, 0.075195561, 275, 170, 5, 106, 
0, 
query: [emperor, conquest, history]
BlinkSea, 	5, 8.49594, 0.92529, 0.38000, 1165, 1789, 516, 0.128061465, 
Exhustiv, 	5, 8.20421, 0.89351, 0.84000, 7424, 11568, 3775, 0.323055327, 2567, 2558, 2567, 
Astar0, 	5, 8.20421, 0.89351, 0.84000, 7424, 11568, 3775, 0.460405396, 6566, 2404, 50, 293, 
Astar1, 	5, 8.20421, 0.89351, 0.84000, 7424, 11568, 3775, 0.318829321, 2808, 643, 50, 116, 
Astar2, 	5, 8.20421, 0.89351, 0.84000, 7424, 11568, 3775, 0.462602179, 2442, 2356, 50, 91, 
1, 
Astar1nc, 	5, 8.20421, 0.89351, 0.84000, 7424, 11568, 3775, 0.283861046, 2799, 636, 48, 116, 
Astar2nc, 	5, 8.20421, 0.89351, 0.84000, 7424, 11568, 3775, 0.419991261, 2433, 2347, 48, 91, 
1, 
query: [hitchcock, mystery, thriller]
BlinkSea, 	5, 11.61168, 0.85170, 0.52000, 2916, 4267, 1356, 0.18066652, 
Exhustiv, 	5, 11.15855, 0.81846, 0.83000, 8759, 13148, 4455, 1.096753863, 55928, 55920, 55928, 
Astar0, 	5, 11.25149, 0.82528, 0.80000, 7183, 10736, 3599, 5.213556899, 39179, 38146, 45, 781, 
Astar1, 	5, 11.25149, 0.82528, 0.80000, 7183, 10736, 3599, 0.232072198, 2927, 387, 45, 133, 
Astar2, 	5, 11.25149, 0.82528, 0.80000, 7183, 10736, 3599, 5.252385764, 38336, 38134, 45, 781, 
1, 
Astar1nc, 	5, 11.25149, 0.82528, 0.80000, 7183, 10736, 3599, 0.247319872, 2917, 379, 43, 133, 
Astar2nc, 	5, 11.25149, 0.82528, 0.80000, 7183, 10736, 3599, 5.254402546, 38316, 38114, 43, 781, 
1, 
query: [hitchcock, thriller, horror]
BlinkSea, 	5, 11.73613, 0.86438, 0.54000, 3213, 4591, 1372, 0.126543877, 
Exhustiv, 	5, 11.30658, 0.83274, 0.81000, 18682, 28727, 10301, 0.578910819, 2365, 2346, 2250, 
Astar0, 	5, 11.35014, 0.83595, 0.80000, 18568, 28560, 10243, 1.223798463, 18912, 2033, 112, 418, 
Astar1, 	5, 11.35014, 0.83595, 0.80000, 18568, 28560, 10243, 1.050280479, 12924, 670, 112, 336, 
Astar2, 	5, 11.35014, 0.83595, 0.80000, 18568, 28560, 10243, 0.978625361, 1529, 1485, 112, 63, 
1, 
Astar1nc, 	5, 11.35014, 0.83595, 0.80000, 18568, 28560, 10243, 0.929858243, 12904, 658, 109, 336, 
Astar2nc, 	5, 11.35014, 0.83595, 0.80000, 18568, 28560, 10243, 1.020636595, 1502, 1458, 109, 63, 
1, 
query: [monster, beast, animation]
BlinkSea, 	5, 9.45731, 0.98214, 0.66000, 1502, 2411, 720, 0.109983188, 
Exhustiv, 	5, 9.41498, 0.97774, 0.80000, 1676, 2711, 838, 0.075336384, 95, 89, 95, 
Astar0, 	5, 9.24908, 0.96051, 0.85000, 5361, 9131, 3166, 6.853362646, 81903, 80027, 37, 2036, 
Astar1, 	5, 9.24908, 0.96051, 0.85000, 5361, 9131, 3166, 0.602450827, 3014, 1537, 37, 246, 
Astar2, 	5, 9.24908, 0.96051, 0.85000, 5361, 9131, 3166, 8.189408147, 81903, 80027, 37, 2036, 
0, 
Astar1nc, 	5, 9.24908, 0.96051, 0.85000, 5361, 9131, 3166, 0.599750831, 3014, 1537, 37, 246, 
Astar2nc, 	5, 9.24908, 0.96051, 0.85000, 5361, 9131, 3166, 7.536281685, 81903, 80027, 37, 2036, 
0, 
query: [robot, battle, animation]
BlinkSea, 	5, 9.84397, 0.94909, 0.65000, 1057, 1703, 610, 0.110309875, 
Exhustiv, 	5, 9.60447, 0.92600, 0.80000, 5783, 9825, 3995, 0.37843178, 9018, 9009, 9015, 
Astar0, 	5, 9.60447, 0.92600, 0.80000, 5783, 9825, 3995, 0.852513704, 14362, 10104, 55, 328, 
Astar1, 	5, 9.60447, 0.92600, 0.80000, 5783, 9825, 3995, 0.188838831, 4274, 278, 55, 163, 
Astar2, 	5, 9.60447, 0.92600, 0.80000, 5783, 9825, 3995, 0.845040138, 10182, 10058, 55, 328, 
1, 
Astar1nc, 	5, 9.60447, 0.92600, 0.80000, 5783, 9825, 3995, 0.232726762, 4274, 278, 55, 163, 
Astar2nc, 	5, 9.60447, 0.92600, 0.80000, 5783, 9825, 3995, 0.784016423, 10182, 10058, 55, 328, 
1, 
query: [robot, action, sf]
BlinkSea, 	5, 8.64795, 0.88068, 0.59000, 4320, 7902, 1932, 0.207310098, 
Exhustiv, 	5, 8.39655, 0.85508, 0.81000, 9285, 17005, 4136, 0.212134969, 1057, 1040, 1057, 
Astar0, 	5, 8.39655, 0.85508, 0.81000, 9285, 17005, 4136, 1.279246974, 11627, 2248, 85, 295, 
Astar1, 	5, 8.39655, 0.85508, 0.81000, 9285, 17005, 4136, 1.058671287, 5825, 1060, 85, 146, 
Astar2, 	5, 8.39655, 0.85508, 0.81000, 9285, 17005, 4136, 1.274017236, 2123, 2098, 85, 44, 
1, 
Astar1nc, 	5, 8.39655, 0.85508, 0.81000, 9285, 17005, 4136, 1.01169155, 5811, 1051, 83, 146, 
Astar2nc, 	5, 8.39655, 0.85508, 0.81000, 9285, 17005, 4136, 1.185114698, 2094, 2069, 83, 44, 
1, 
query: [epic, history, war]
BlinkSea, 	5, 8.94297, 0.86034, 0.78000, 2958, 4780, 1818, 0.191643565, 
Exhustiv, 	5, 8.91457, 0.85761, 0.80000, 3549, 5630, 2088, 0.118630079, 56, 51, 56, 
Astar0, 	5, 8.91457, 0.85761, 0.80000, 3549, 5630, 2088, 0.096014983, 25, 18, 3, 7, 
Astar1, 	5, 8.91457, 0.85761, 0.80000, 3549, 5630, 2088, 0.095677566, 23, 16, 3, 7, 
Astar2, 	5, 8.91457, 0.85761, 0.80000, 3549, 5630, 2088, 0.078061787, 17, 15, 3, 4, 
1, 
Astar1nc, 	5, 8.91457, 0.85761, 0.80000, 3549, 5630, 2088, 0.08165221, 23, 16, 3, 7, 
Astar2nc, 	5, 8.91457, 0.85761, 0.80000, 3549, 5630, 2088, 0.083370086, 17, 15, 3, 4, 
1, 
