10, 6, 7, 3, 114, 147, 0, 0, 0, 0: 0: (6.03, 6.92): (0.63):: 0.0, (NaN, 0, 0)
10, 0, 5, 5, 122, 157, 14, 0, 0, 0: 0: (5.61, 5.61): (0.59):: 0.0, (NaN, 0, 0)
10, 0, 3, 7, 122, 199, 14, 5, 0, 0: 0: (5.76, 5.76): (0.60):: 0.0, (NaN, 0, 0)
10, 0, 0, 10, 220, 466, 8, 4, 30, 4: 10: (5.67, 5.67): (0.60):: 0.0, (NaN, 0, 0)
10, 0, 0, 10, 220, 549, 8, 4, 30, 4: 43: (5.67, 5.67): (0.60):: 0.0, (2.84, 5, 0)
20, 6, 15, 5, 122, 157, 0, 0, 0, 0: 0: (5.33, 5.29): (0.56):: 0.0, (NaN, 0, 0)
20, 0, 15, 5, 139, 183, 14, 0, 0, 0: 0: (5.05, 5.05): (0.53):: 0.0, (NaN, 0, 0)
20, 0, 12, 8, 128, 207, 14, 5, 0, 0: 0: (5.12, 5.12): (0.54):: 0.0, (NaN, 0, 0)
20, 1, 0, 19, 702, 1496, 12, 5, 119, 27: 238: (4.69, 4.75): (0.49):: 0.0, (NaN, 0, 0)
20, 1, 0, 19, 702, 1760, 12, 5, 115, 23: 354: (4.69, 4.75): (0.49):: 0.0, (2.69, 5, 0)
30, 6, 25, 5, 154, 202, 0, 0, 0, 0: 0: (5.05, 4.95): (0.53):: 0.0, (NaN, 0, 0)
30, 0, 25, 5, 196, 242, 16, 0, 0, 0: 0: (4.86, 4.86): (0.51):: 0.0, (NaN, 0, 0)
30, 0, 22, 8, 173, 258, 14, 5, 0, 0: 0: (4.91, 4.91): (0.52):: 0.0, (NaN, 0, 0)
30, 1, 0, 29, 702, 1785, 19, 7, 149, 47: 568: (4.24, 4.26): (0.45):: 0.0, (NaN, 0, 0)
30, 1, 0, 29, 702, 2040, 19, 7, 144, 41: 737: (4.24, 4.26): (0.45):: 0.0, (2.73, 5, 0)
