10, 1, 3, 7, 368, 606, 0, 0, 0, 0: 0: (6.75, 6.85): (0.64):: 0.0, (NaN, 0, 0)
10, 0, 2, 8, 368, 606, 136, 0, 0, 0: 0: (6.75, 6.75): (0.64):: 0.0, (NaN, 0, 0)
10, 0, 2, 8, 368, 1014, 136, 37, 0, 0: 0: (6.75, 6.75): (0.64):: 0.0, (NaN, 0, 0)
10, 0, 0, 10, 368, 840, 27, 19, 22, 6: 85: (6.67, 6.67): (0.63):: 0.0, (NaN, 0, 0)
10, 0, 0, 10, 368, 885, 27, 19, 22, 6: 115: (6.67, 6.67): (0.63):: 0.0, (3.00, 5, 0)
20, 11, 13, 7, 368, 606, 0, 0, 0, 0: 0: (6.30, 6.85): (0.60):: 0.0, (NaN, 0, 0)
20, 0, 6, 14, 806, 1195, 174, 0, 0, 0: 0: (5.64, 5.64): (0.54):: 0.0, (NaN, 0, 0)
20, 0, 8, 12, 600, 1397, 159, 39, 0, 0: 0: (6.03, 6.03): (0.57):: 0.0, (NaN, 0, 0)
20, 4, 0, 16, 806, 1796, 104, 29, 43, 23: 236: (5.76, 6.05): (0.55):: 0.0, (NaN, 0, 0)
20, 4, 0, 16, 806, 1877, 104, 29, 42, 22: 325: (5.76, 6.05): (0.55):: 0.0, (3.01, 5, 0)
30, 20, 23, 7, 368, 606, 0, 0, 0, 0: 0: (6.15, 6.75): (0.58):: 0.0, (NaN, 0, 0)
30, 0, 11, 19, 816, 1208, 174, 0, 0, 0: 0: (4.90, 4.90): (0.47):: 0.0, (NaN, 0, 0)
30, 0, 12, 18, 814, 1727, 174, 49, 0, 0: 0: (5.30, 5.30): (0.50):: 0.0, (NaN, 0, 0)
30, 4, 0, 26, 816, 1866, 104, 29, 55, 30: 350: (4.97, 5.03): (0.47):: 0.0, (NaN, 0, 0)
30, 4, 0, 26, 816, 2001, 104, 29, 54, 29: 455: (4.97, 5.03): (0.47):: 0.0, (2.97, 5, 0)
