10, 0, 4, 6, 174, 199, 0, 0, 0, 0: 0: (7.52, 7.52): (0.66):: 0.0, (NaN, 0, 0)
10, 0, 4, 6, 174, 199, 50, 0, 0, 0: 0: (7.52, 7.52): (0.66):: 0.0, (NaN, 0, 0)
10, 0, 4, 6, 174, 349, 50, 47, 0, 0: 0: (7.52, 7.52): (0.66):: 0.0, (NaN, 0, 0)
10, 0, 0, 10, 174, 536, 30, 30, 37, 10: 57: (7.33, 7.33): (0.65):: 0.0, (NaN, 0, 0)
10, 0, 0, 10, 174, 695, 30, 30, 37, 10: 119: (7.33, 7.33): (0.65):: 0.0, (3.66, 5, 0)
20, 10, 14, 6, 174, 199, 0, 0, 0, 0: 0: (6.91, 7.52): (0.61):: 0.0, (NaN, 0, 0)
20, 0, 12, 8, 333, 362, 105, 0, 0, 0: 0: (6.25, 6.25): (0.55):: 0.0, (NaN, 0, 0)
20, 0, 12, 8, 333, 677, 105, 48, 0, 0: 0: (6.47, 6.47): (0.57):: 0.0, (NaN, 0, 0)
20, 8, 0, 12, 239, 879, 49, 47, 57, 23: 391: (6.54, 7.10): (0.58):: 0.0, (NaN, 0, 0)
20, 8, 0, 12, 239, 1047, 49, 47, 57, 23: 511: (6.54, 7.10): (0.58):: 0.0, (3.65, 5, 0)
30, 20, 24, 6, 174, 199, 0, 0, 0, 0: 0: (6.71, 7.52): (0.59):: 0.0, (NaN, 0, 0)
30, 0, 20, 10, 506, 583, 186, 0, 0, 0: 0: (5.61, 5.61): (0.49):: 0.0, (NaN, 0, 0)
30, 0, 20, 10, 358, 730, 114, 48, 0, 0: 0: (5.82, 5.82): (0.51):: 0.0, (NaN, 0, 0)
30, 11, 0, 19, 333, 1088, 56, 47, 69, 34: 578: (6.02, 6.25): (0.53):: 0.0, (NaN, 0, 0)
30, 11, 0, 19, 333, 1270, 56, 47, 69, 34: 739: (6.02, 6.25): (0.53):: 0.0, (3.57, 5, 0)
