10, 1, 0, 9, 156, 244, 0, 0, 0, 0: 0: (4.38, 4.47): (0.69):: 0.0, (NaN, 0, 0)
10, 0, 0, 10, 246, 388, 13, 0, 0, 0: 0: (4.36, 4.36): (0.68):: 0.0, (NaN, 0, 0)
10, 0, 0, 10, 246, 427, 13, 0, 0, 0: 0: (4.36, 4.36): (0.68):: 0.0, (NaN, 0, 0)
10, 0, 0, 10, 246, 418, 8, 0, 1, 0: 1: (4.36, 4.36): (0.68):: 0.0, (NaN, 0, 0)
10, 0, 0, 10, 246, 424, 8, 0, 1, 0: 2: (4.36, 4.36): (0.68):: 0.0, (4.00, 5, 0)
20, 5, 5, 14, 689, 1122, 0, 0, 0, 0: 0: (3.84, 3.93): (0.60):: 0.0, (NaN, 0, 0)
20, 0, 2, 18, 740, 1207, 72, 0, 0, 0: 0: (3.62, 3.62): (0.57):: 0.0, (NaN, 0, 0)
20, 0, 2, 18, 740, 1423, 72, 4, 0, 0: 0: (3.62, 3.62): (0.57):: 0.0, (NaN, 0, 0)
20, 0, 0, 20, 740, 1246, 9, 0, 2, 2: 4: (3.61, 3.61): (0.57):: 0.0, (NaN, 0, 0)
20, 0, 0, 20, 740, 1257, 9, 0, 2, 2: 11: (3.61, 3.61): (0.57):: 0.0, (3.83, 5, 0)
30, 9, 9, 19, 740, 1207, 0, 0, 0, 0: 0: (3.46, 3.56): (0.54):: 0.0, (NaN, 0, 0)
30, 0, 2, 28, 740, 1207, 72, 0, 0, 0: 0: (3.25, 3.25): (0.51):: 0.0, (NaN, 0, 0)
30, 0, 2, 28, 740, 1423, 72, 4, 0, 0: 0: (3.25, 3.25): (0.51):: 0.0, (NaN, 0, 0)
30, 0, 0, 30, 740, 1258, 9, 0, 4, 3: 7: (3.24, 3.24): (0.51):: 0.0, (NaN, 0, 0)
30, 0, 0, 30, 740, 1279, 9, 0, 4, 3: 19: (3.24, 3.24): (0.51):: 0.0, (3.75, 5, 0)
