10, 1, 5, 5, 92, 120, 0, 0, 0, 0: 0: (6.16, 6.31): (0.75):: 0.0, (NaN, 0, 0)
10, 0, 4, 6, 92, 120, 32, 0, 0, 0: 0: (6.14, 6.14): (0.75):: 0.0, (NaN, 0, 0)
10, 0, 4, 6, 92, 216, 32, 0, 0, 0: 0: (6.14, 6.14): (0.75):: 0.0, (NaN, 0, 0)
10, 0, 0, 10, 156, 248, 10, 0, 9, 9: 23: (5.83, 5.83): (0.71):: 0.0, (NaN, 0, 0)
10, 0, 0, 10, 156, 272, 10, 0, 9, 9: 54: (5.83, 5.83): (0.71):: 0.0, (2.41, 5, 0)
20, 8, 14, 6, 97, 125, 0, 0, 0, 0: 0: (5.35, 5.86): (0.65):: 0.0, (NaN, 0, 0)
12, 0, 6, 6, 734, 648, 151, 0, 0, 0: 0: (5.86, 5.86): (0.71):: 0.0, (NaN, 0, 0)
12, 0, 6, 6, 734, 1101, 151, 0, 0, 0: 0: (5.86, 5.86): (0.71):: 0.0, (NaN, 0, 0)
12, 1, 0, 11, 734, 1142, 151, 0, 9, 9: 24: (5.44, 5.58): (0.66):: 0.0, (NaN, 0, 0)
12, 1, 0, 11, 734, 1166, 151, 0, 9, 9: 54: (5.44, 5.58): (0.66):: 0.0, (2.41, 5, 0)
30, 18, 24, 6, 245, 244, 0, 0, 0, 0: 0: (4.78, 5.86): (0.58):: 0.0, (NaN, 0, 0)
12, 0, 6, 6, 734, 648, 151, 0, 0, 0: 0: (5.86, 5.86): (0.71):: 0.0, (NaN, 0, 0)
12, 0, 6, 6, 734, 1101, 151, 0, 0, 0: 0: (5.86, 5.86): (0.71):: 0.0, (NaN, 0, 0)
12, 1, 0, 11, 734, 1142, 151, 0, 9, 9: 24: (5.44, 5.58): (0.66):: 0.0, (NaN, 0, 0)
12, 1, 0, 11, 734, 1166, 151, 0, 9, 9: 54: (5.44, 5.58): (0.66):: 0.0, (2.41, 5, 0)
