10, 0, 0, 10, 296, 437, 0, 0, 0, 0: 0: (6.48, 6.48): (0.69):: 0.0, (NaN, 0, 0)
10, 0, 0, 10, 296, 437, 79, 0, 0, 0: 0: (6.48, 6.48): (0.69):: 0.0, (NaN, 0, 0)
10, 0, 0, 10, 296, 674, 79, 11, 0, 0: 0: (6.48, 6.48): (0.69):: 0.0, (NaN, 0, 0)
10, 0, 0, 10, 296, 458, 7, 1, 0, 0: 0: (6.48, 6.48): (0.69):: 0.0, (NaN, 0, 0)
10, 0, 0, 10, 296, 458, 7, 1, 0, 0: 0: (6.48, 6.48): (0.69):: 0.0, (NaN, 0, 0)
20, 0, 0, 20, 301, 442, 0, 0, 0, 0: 0: (6.03, 6.03): (0.64):: 0.0, (NaN, 0, 0)
20, 0, 0, 20, 301, 442, 80, 0, 0, 0: 0: (6.03, 6.03): (0.64):: 0.0, (NaN, 0, 0)
20, 0, 0, 20, 301, 682, 80, 11, 0, 0: 0: (6.03, 6.03): (0.64):: 0.0, (NaN, 0, 0)
20, 0, 0, 20, 301, 488, 12, 1, 2, 2: 2: (6.03, 6.03): (0.64):: 0.0, (NaN, 0, 0)
20, 0, 0, 20, 301, 496, 12, 1, 2, 2: 4: (6.03, 6.03): (0.64):: 0.0, (3.00, 5, 0)
30, 0, 0, 30, 301, 442, 0, 0, 0, 0: 0: (5.82, 5.82): (0.62):: 0.0, (NaN, 0, 0)
30, 0, 0, 30, 453, 564, 115, 0, 0, 0: 0: (5.82, 5.82): (0.62):: 0.0, (NaN, 0, 0)
30, 0, 0, 30, 453, 909, 115, 11, 0, 0: 0: (5.82, 5.82): (0.62):: 0.0, (NaN, 0, 0)
30, 0, 0, 30, 301, 511, 18, 1, 4, 3: 4: (5.82, 5.82): (0.62):: 0.0, (NaN, 0, 0)
30, 0, 0, 30, 301, 523, 18, 1, 4, 3: 7: (5.82, 5.82): (0.62):: 0.0, (3.00, 5, 0)
