10, 0, 3, 7, 32, 57, 0, 0, 0, 0: 0: (6.76, 6.76): (0.80):: 0.0, (NaN, 0, 0)
10, 0, 3, 7, 32, 57, 12, 0, 0, 0: 0: (6.76, 6.76): (0.80):: 0.0, (NaN, 0, 0)
10, 0, 3, 7, 32, 93, 12, 0, 0, 0: 0: (6.76, 6.76): (0.80):: 0.0, (NaN, 0, 0)
10, 0, 0, 10, 32, 106, 5, 0, 5, 3: 11: (6.64, 6.64): (0.79):: 0.0, (NaN, 0, 0)
10, 0, 0, 10, 32, 111, 5, 0, 5, 3: 26: (6.64, 6.64): (0.79):: 0.0, (2.60, 4, 0)
20, 4, 10, 10, 76, 123, 0, 0, 0, 0: 0: (5.99, 6.30): (0.71):: 0.0, (NaN, 0, 0)
20, 0, 10, 10, 201, 230, 79, 0, 0, 0: 0: (5.89, 5.89): (0.70):: 0.0, (NaN, 0, 0)
20, 0, 10, 10, 94, 312, 53, 3, 0, 0: 0: (5.95, 5.95): (0.71):: 0.0, (NaN, 0, 0)
20, 1, 0, 19, 449, 926, 130, 6, 21, 13: 74: (5.51, 5.63): (0.65):: 0.0, (NaN, 0, 0)
20, 0, 0, 20, 449, 946, 130, 6, 24, 15: 156: (5.51, 5.51): (0.65):: 0.0, (2.38, 4, 0)
30, 13, 20, 10, 76, 123, 0, 0, 0, 0: 0: (5.50, 6.21): (0.65):: 0.0, (NaN, 0, 0)
30, 0, 19, 11, 483, 421, 156, 0, 0, 0: 0: (5.07, 5.07): (0.60):: 0.0, (NaN, 0, 0)
30, 0, 18, 12, 449, 834, 145, 6, 0, 0: 0: (5.26, 5.26): (0.62):: 0.0, (NaN, 0, 0)
30, 2, 0, 28, 1521, 2451, 418, 6, 31, 29: 144: (4.65, 4.77): (0.55):: 0.0, (NaN, 0, 0)
30, 1, 0, 29, 1521, 2500, 418, 6, 31, 27: 243: (4.62, 4.69): (0.55):: 0.0, (2.33, 4, 0)
