10, 3, 5, 5, 263, 314, 0, 0, 0, 0: 0: (4.99, 5.16): (0.59):: 0.0, (NaN, 0, 0)
10, 0, 2, 8, 422, 473, 50, 0, 0, 0: 0: (4.79, 4.79): (0.57):: 0.0, (NaN, 0, 0)
10, 0, 4, 6, 263, 422, 36, 6, 0, 0: 0: (4.86, 4.86): (0.58):: 0.0, (NaN, 0, 0)
10, 0, 0, 10, 263, 374, 11, 3, 5, 4: 9: (4.78, 4.78): (0.57):: 0.0, (NaN, 0, 0)
10, 0, 0, 10, 263, 382, 11, 3, 5, 4: 23: (4.78, 4.78): (0.57):: 0.0, (2.33, 5, 0)
20, 3, 5, 15, 285, 347, 0, 0, 0, 0: 0: (4.46, 4.43): (0.53):: 0.0, (NaN, 0, 0)
20, 0, 2, 18, 422, 473, 50, 0, 0, 0: 0: (4.36, 4.36): (0.52):: 0.0, (NaN, 0, 0)
20, 0, 4, 16, 422, 623, 50, 9, 0, 0: 0: (4.39, 4.39): (0.52):: 0.0, (NaN, 0, 0)
20, 0, 0, 20, 288, 440, 17, 3, 9, 6: 14: (4.36, 4.36): (0.52):: 0.0, (NaN, 0, 0)
20, 0, 0, 20, 288, 452, 17, 3, 9, 6: 30: (4.36, 4.36): (0.52):: 0.0, (2.43, 5, 0)
30, 7, 9, 21, 422, 473, 0, 0, 0, 0: 0: (4.27, 4.29): (0.51):: 0.0, (NaN, 0, 0)
30, 0, 2, 28, 422, 473, 50, 0, 0, 0: 0: (4.15, 4.15): (0.49):: 0.0, (NaN, 0, 0)
30, 0, 4, 26, 422, 623, 50, 9, 0, 0: 0: (4.19, 4.19): (0.50):: 0.0, (NaN, 0, 0)
30, 0, 0, 30, 422, 584, 19, 3, 14, 8: 18: (4.16, 4.16): (0.49):: 0.0, (NaN, 0, 0)
30, 0, 0, 30, 422, 605, 19, 3, 14, 8: 47: (4.16, 4.16): (0.49):: 0.0, (2.50, 5, 0)
