10, 0, 4, 6, 367, 424, 0, 0, 0, 0: 0: (5.55, 5.55): (0.58):: 0.0, (NaN, 0, 0)
10, 0, 4, 6, 367, 424, 106, 0, 0, 0: 0: (5.55, 5.55): (0.58):: 0.0, (NaN, 0, 0)
10, 0, 4, 6, 367, 742, 106, 6, 0, 0: 0: (5.55, 5.55): (0.58):: 0.0, (NaN, 0, 0)
10, 0, 0, 10, 367, 528, 22, 3, 10, 8: 19: (5.38, 5.38): (0.56):: 0.0, (NaN, 0, 0)
10, 0, 0, 10, 367, 540, 15, 3, 9, 8: 44: (5.36, 5.36): (0.56):: 0.0, (2.63, 5, 0)
20, 5, 11, 9, 394, 445, 0, 0, 0, 0: 0: (4.88, 5.13): (0.51):: 0.0, (NaN, 0, 0)
20, 0, 8, 12, 594, 656, 169, 0, 0, 0: 0: (4.81, 4.81): (0.50):: 0.0, (NaN, 0, 0)
20, 0, 7, 13, 397, 784, 112, 6, 0, 0: 0: (4.85, 4.85): (0.51):: 0.0, (NaN, 0, 0)
20, 4, 0, 16, 594, 847, 42, 5, 17, 14: 39: (4.69, 4.91): (0.49):: 0.0, (NaN, 0, 0)
20, 2, 0, 18, 461, 751, 42, 5, 14, 13: 75: (4.72, 4.81): (0.49):: 0.0, (2.62, 5, 0)
30, 15, 21, 9, 394, 445, 0, 0, 0, 0: 0: (4.63, 5.13): (0.48):: 0.0, (NaN, 0, 0)
29, 0, 14, 15, 650, 707, 169, 0, 0, 0: 0: (4.23, 4.23): (0.44):: 0.0, (NaN, 0, 0)
30, 0, 15, 15, 650, 1214, 169, 9, 0, 0: 0: (4.39, 4.39): (0.46):: 0.0, (NaN, 0, 0)
29, 6, 0, 23, 650, 1378, 169, 9, 33, 24: 105: (4.18, 4.32): (0.44):: 0.0, (NaN, 0, 0)
29, 4, 0, 25, 650, 1448, 169, 9, 31, 22: 191: (4.20, 4.29): (0.44):: 0.0, (2.52, 5, 0)
