10, 0, 1, 9, 268, 333, 0, 0, 0, 0: 0: (6.52, 6.52): (0.73):: 0.0, (NaN, 0, 0)
10, 0, 1, 9, 268, 333, 68, 0, 0, 0: 0: (6.52, 6.52): (0.73):: 0.0, (NaN, 0, 0)
10, 0, 1, 9, 268, 537, 68, 9, 0, 0: 0: (6.52, 6.52): (0.73):: 0.0, (NaN, 0, 0)
10, 0, 0, 10, 268, 350, 2, 0, 2, 2: 4: (6.49, 6.49): (0.73):: 0.0, (NaN, 0, 0)
10, 0, 0, 10, 268, 354, 2, 0, 2, 2: 8: (6.49, 6.49): (0.73):: 0.0, (2.50, 4, 0)
20, 4, 7, 13, 315, 396, 0, 0, 0, 0: 0: (5.70, 5.90): (0.64):: 0.0, (NaN, 0, 0)
20, 0, 5, 15, 394, 495, 112, 0, 0, 0: 0: (5.57, 5.57): (0.62):: 0.0, (NaN, 0, 0)
20, 0, 5, 15, 394, 831, 112, 9, 0, 0: 0: (5.58, 5.58): (0.63):: 0.0, (NaN, 0, 0)
20, 0, 0, 20, 394, 586, 14, 1, 8, 7: 17: (5.54, 5.54): (0.62):: 0.0, (NaN, 0, 0)
20, 0, 0, 20, 394, 608, 14, 1, 8, 7: 44: (5.54, 5.54): (0.62):: 0.0, (2.96, 5, 0)
30, 8, 15, 15, 397, 498, 0, 0, 0, 0: 0: (5.17, 5.44): (0.58):: 0.0, (NaN, 0, 0)
30, 0, 11, 19, 564, 632, 141, 0, 0, 0: 0: (4.99, 4.99): (0.56):: 0.0, (NaN, 0, 0)
30, 0, 11, 19, 564, 1055, 141, 9, 0, 0: 0: (5.02, 5.02): (0.56):: 0.0, (NaN, 0, 0)
30, 0, 0, 30, 564, 921, 55, 8, 20, 15: 55: (4.94, 4.94): (0.55):: 0.0, (NaN, 0, 0)
30, 0, 0, 30, 564, 973, 55, 8, 20, 15: 114: (4.95, 4.95): (0.55):: 0.0, (2.93, 5, 0)
