10, 0, 4, 6, 227, 228, 0, 0, 0, 0: 0: (6.66, 6.66): (0.74):: 0.0, (NaN, 0, 0)
10, 0, 4, 6, 227, 228, 52, 0, 0, 0: 0: (6.66, 6.66): (0.74):: 0.0, (NaN, 0, 0)
10, 0, 4, 6, 227, 384, 52, 7, 0, 0: 0: (6.66, 6.66): (0.74):: 0.0, (NaN, 0, 0)
10, 0, 0, 10, 533, 630, 11, 4, 14, 6: 30: (6.20, 6.20): (0.69):: 0.0, (NaN, 0, 0)
10, 0, 0, 10, 533, 652, 11, 4, 14, 6: 52: (6.20, 6.20): (0.69):: 0.0, (2.33, 5, 0)
20, 9, 14, 6, 228, 230, 0, 0, 0, 0: 0: (5.91, 6.52): (0.66):: 0.0, (NaN, 0, 0)
20, 0, 6, 14, 586, 612, 169, 0, 0, 0: 0: (5.73, 5.73): (0.64):: 0.0, (NaN, 0, 0)
20, 0, 10, 10, 534, 968, 146, 13, 0, 0: 0: (5.86, 5.86): (0.65):: 0.0, (NaN, 0, 0)
20, 0, 0, 20, 652, 1021, 56, 11, 33, 15: 70: (5.24, 5.24): (0.58):: 0.0, (NaN, 0, 0)
20, 0, 0, 20, 652, 1087, 56, 11, 33, 15: 124: (5.24, 5.24): (0.58):: 0.0, (2.32, 5, 0)
30, 11, 17, 13, 586, 612, 0, 0, 0, 0: 0: (5.57, 5.80): (0.62):: 0.0, (NaN, 0, 0)
30, 0, 12, 18, 652, 689, 197, 0, 0, 0: 0: (5.17, 5.17): (0.58):: 0.0, (NaN, 0, 0)
30, 0, 14, 16, 652, 1280, 197, 14, 0, 0: 0: (5.35, 5.35): (0.60):: 0.0, (NaN, 0, 0)
30, 2, 0, 28, 787, 1646, 186, 16, 57, 22: 164: (4.58, 4.67): (0.51):: 0.0, (NaN, 0, 0)
30, 2, 0, 28, 787, 1722, 186, 16, 57, 22: 250: (4.58, 4.67): (0.51):: 0.0, (2.30, 5, 0)
