10, 0, 4, 6, 125, 148, 0, 0, 0, 0: 0: (6.93, 6.93): (0.72):: 0.0, (NaN, 0, 0)
10, 0, 4, 6, 125, 148, 37, 0, 0, 0: 0: (6.93, 6.93): (0.72):: 0.0, (NaN, 0, 0)
10, 0, 4, 6, 125, 259, 37, 6, 0, 0: 0: (6.93, 6.93): (0.72):: 0.0, (NaN, 0, 0)
10, 0, 0, 10, 125, 332, 33, 5, 17, 12: 46: (6.57, 6.57): (0.69):: 0.0, (NaN, 0, 0)
10, 0, 0, 10, 125, 348, 33, 5, 17, 12: 69: (6.57, 6.57): (0.69):: 0.0, (1.98, 4, 0)
20, 9, 14, 6, 125, 148, 0, 0, 0, 0: 0: (6.24, 6.80): (0.65):: 0.0, (NaN, 0, 0)
20, 0, 13, 7, 130, 155, 39, 0, 0, 0: 0: (5.95, 5.95): (0.62):: 0.0, (NaN, 0, 0)
20, 0, 13, 7, 125, 259, 37, 6, 0, 0: 0: (6.17, 6.17): (0.64):: 0.0, (NaN, 0, 0)
20, 1, 0, 19, 361, 981, 110, 13, 53, 23: 190: (5.37, 5.40): (0.56):: 0.0, (NaN, 0, 0)
20, 1, 0, 19, 361, 1035, 110, 13, 51, 21: 251: (5.37, 5.40): (0.56):: 0.0, (2.12, 5, 0)
30, 18, 24, 6, 125, 148, 0, 0, 0, 0: 0: (6.01, 6.70): (0.63):: 0.0, (NaN, 0, 0)
30, 0, 23, 7, 233, 283, 89, 0, 0, 0: 0: (5.37, 5.37): (0.56):: 0.0, (NaN, 0, 0)
30, 0, 23, 7, 186, 432, 68, 11, 0, 0: 0: (5.58, 5.58): (0.58):: 0.0, (NaN, 0, 0)
22, 1, 0, 21, 1071, 2052, 269, 26, 74, 24: 298: (5.15, 5.17): (0.54):: 0.0, (NaN, 0, 0)
22, 1, 0, 21, 1071, 2106, 269, 26, 72, 22: 381: (5.15, 5.17): (0.54):: 0.0, (2.05, 5, 0)
