Top-k, (AvgResultRelev, AvgResultRelev/ResultRelevs[0], AvgResultDiss) numOfKNListsRead, numOfNKMapLookups, numOfAnswerTreesExplored, elapseTime, 
BlinkSearcher, 5, 7.40757, 0.89774, 0.45000, 1746, 2870, 938, 0.325461895, 
BlinkSearcher, 5, 7.40757, 0.89774, 0.45000, 1746, 2870, 938, 0.114553636, 
ExhustiveSearcher, 5, 7.09270, 0.85958, 0.82000, 1790, 2939, 958, 0.195754021, 6051, 1252, 6051, 
Astar1, 5, 7.09270, 0.85958, 0.82000, 1790, 2939, 958, 0.102626097, 1859, 741, 22 149, 
Astar2, 5, 7.09270, 0.85958, 0.82000, 1790, 2939, 958, 0.076458334, 1859, 741, 22 149, 
BlinkSearcher, 10, 7.05933, 0.85554, 0.41556, 1773, 2915, 953, 0.087693491, 
ExhustiveSearcher, 10, 6.84337, 0.82936, 0.80667, 5910, 10244, 4030, 14.642904852, 1990318, 1990299, 1990307, 
Astar1, 10, 6.84337, 0.82936, 0.80667, 5910, 10244, 4030, 7.075246716, 539426, 80696, 35 43232, 
Astar2, 10, 6.84337, 0.82936, 0.80667, 5910, 10244, 4030, 2.41875853, 129622, 80705, 35 18571, 
BlinkSearcher, 15, 6.90707, 0.83708, 0.34286, 1773, 2915, 953, 0.082947596, 
