Top-k, (AvgResultRelev, AvgResultRelev/ResultRelevs[0], AvgResultDiss) numOfKNListsRead, numOfNKMapLookups, numOfAnswerTreesExplored, elapseTime, 
BlinkSearcher, 5, 7.40757, 0.89774, 0.45000, 1746, 2870, 938, 0.292814905, 
BlinkSearcher, 5, 7.40757, 0.89774, 0.45000, 1746, 2870, 938, 0.100182722, 
ExhustiveSearcher, 5, 7.25750, 0.87955, 0.74000, 1790, 2939, 958, 0.250820633, 3679, 3662, 3454, 
Astar1, 5, 7.25750, 0.87955, 0.74000, 1790, 2939, 958, 0.105689507, 1638, 528, 22 124, 
Astar2, 5, 7.25750, 0.87955, 0.74000, 1790, 2939, 958, 0.089078568, 1251, 528, 22 104, 
BlinkSearcher, 10, 7.05933, 0.85554, 0.41556, 1773, 2915, 953, 0.112971561, 
ExhustiveSearcher, 10, 6.99541, 0.84779, 0.70222, 1790, 2939, 958, 19.564790769, 2388357, 56179, 2388357, 
Astar1, 10, 6.99541, 0.84779, 0.70222, 1790, 2939, 958, 0.157419437, 8868, 2154, 17 941, 
Astar2, 10, 6.99541, 0.84779, 0.70222, 1790, 2939, 958, 0.160578062, 8868, 2154, 17 941, 
BlinkSearcher, 15, 6.90707, 0.83708, 0.34286, 1773, 2915, 953, 0.086584066, 
