Top-k, (AvgResultRelev, AvgResultRelev/ResultRelevs[0], AvgResultDiss) numOfKNListsRead, numOfNKMapLookups, numOfAnswerTreesExplored, elapseTime, 
BlinkSearcher, 5, 7.54483, 0.94419, 0.65000, 2791, 4371, 1404, 0.219016321, 
BlinkSearcher, 5, 7.54483, 0.94419, 0.65000, 2791, 4371, 1404, 0.138358682, 
ExhustiveSearcher, 5, 7.52368, 0.94154, 0.70000, 2800, 4382, 1407, 0.11559668, 61, 34, 61, 
Astar1, 5, 7.52368, 0.94154, 0.70000, 2800, 4382, 1407, 0.074786435, 35, 12, 2 14, 
Astar2, 5, 7.52368, 0.94154, 0.70000, 2800, 4382, 1407, 0.065313953, 35, 12, 2 14, 
BlinkSearcher, 10, 7.27566, 0.91050, 0.80667, 4944, 8223, 2967, 0.199514727, 
ExhustiveSearcher, 10, 7.27566, 0.91050, 0.80667, 4944, 8223, 2967, 0.096120642, 1023, 1022, 1023, 
Astar1, 10, 7.27566, 0.91050, 0.80667, 4944, 8223, 2967, 0.128334147, 56, 11, 1 45, 
Astar2, 10, 7.27566, 0.91050, 0.80667, 4944, 8223, 2967, 0.085318052, 56, 11, 1 45, 
BlinkSearcher, 15, 7.07755, 0.88571, 0.84857, 5079, 8435, 3031, 0.125326545, 
ExhustiveSearcher, 15, 7.07755, 0.88571, 0.84857, 5079, 8435, 3031, 0.727985611, 32767, 32766, 32767, 
Astar1, 15, 7.07755, 0.88571, 0.84857, 5079, 8435, 3031, 0.138200341, 121, 16, 1 105, 
Astar2, 15, 7.07755, 0.88571, 0.84857, 5079, 8435, 3031, 0.138778193, 121, 16, 1 105, 
BlinkSearcher, 20, 6.95973, 0.87096, 0.81421, 5079, 8435, 3031, 0.160024704, 
Astar1, 20, 6.95973, 0.87096, 0.81421, 5079, 8435, 3031, 0.099771473, 211, 21, 1 190, 
Astar2, 20, 6.95973, 0.87096, 0.81421, 5079, 8435, 3031, 0.09460029, 211, 21, 1 190, 
