Top-k, (AvgResultRelev, AvgResultRelev/ResultRelevs[0], AvgResultDiss) numOfKNListsRead, numOfNKMapLookups, numOfAnswerTreesExplored, elapseTime, 
BlinkSearcher, 5, 6.95750, 0.86778, 0.65000, 2145, 3192, 982, 0.219562349, 
BlinkSearcher, 5, 6.95750, 0.86778, 0.65000, 2145, 3192, 982, 0.119292292, 
ExhustiveSearcher, 5, 6.93999, 0.86560, 0.79000, 2145, 3192, 982, 0.079324957, 103, 39, 103, 
Astar1, 5, 6.93999, 0.86560, 0.79000, 2145, 3192, 982, 0.072092354, 55, 20, 3 16, 
Astar2, 5, 6.93999, 0.86560, 0.79000, 2145, 3192, 982, 0.067073922, 55, 20, 3 16, 
BlinkSearcher, 10, 6.65692, 0.83029, 0.69111, 2383, 3617, 1165, 0.099844651, 
ExhustiveSearcher, 10, 6.65307, 0.82981, 0.72444, 2911, 4525, 1543, 0.136818672, 2041, 1029, 2041, 
Astar1, 10, 6.65307, 0.82981, 0.72444, 2911, 4525, 1543, 0.080581466, 121, 23, 2 54, 
Astar2, 10, 6.65307, 0.82981, 0.72444, 2911, 4525, 1543, 0.080234989, 121, 23, 2 54, 
BlinkSearcher, 15, 6.48146, 0.80841, 0.69810, 4469, 7286, 2734, 0.204596386, 
ExhustiveSearcher, 15, 6.48146, 0.80841, 0.71429, 4469, 7286, 2734, 1.035391668, 32767, 32766, 32767, 
Astar1, 15, 6.48146, 0.80841, 0.70667, 4469, 7286, 2734, 0.196792971, 580, 68, 4 152, 
Astar2, 15, 6.48146, 0.80841, 0.70667, 4469, 7286, 2734, 0.137981995, 580, 68, 4 152, 
BlinkSearcher, 20, 6.37431, 0.79504, 0.60895, 4469, 7286, 2734, 0.146432097, 
