Top-k, (AvgResultRelev, AvgResultRelev/ResultRelevs[0], AvgResultDiss) numOfKNListsRead, numOfNKMapLookups, numOfAnswerTreesExplored, elapseTime, 
BlinkSearcher, 5, 6.58576, 0.90718, 0.55000, 1352, 2365, 951, 0.302196834, 
BlinkSearcher, 5, 6.58576, 0.90718, 0.55000, 1352, 2365, 951, 0.113647569, 
ExhustiveSearcher, 5, 6.27185, 0.86394, 0.90000, 6882, 12074, 4398, 0.446320663, 1940, 1934, 1939, 
Astar1, 5, 6.27185, 0.86394, 0.90000, 6882, 12074, 4398, 0.154104894, 4392, 833, 28 272, 
Astar2, 5, 6.27185, 0.86394, 0.90000, 6882, 12074, 4398, 0.123792374, 1714, 833, 28 187, 
BlinkSearcher, 10, 6.30445, 0.86843, 0.65778, 1373, 2395, 958, 0.077266776, 
ExhustiveSearcher, 10, 5.96672, 0.82191, 0.90222, 9331, 16466, 6131, 28.596570597, 2591024, 2590961, 2589521, 
Astar1, 10, 5.96672, 0.82191, 0.90222, 9331, 16466, 6131, 25.479948652, 1894829, 209723, 66 68396, 
Astar2, 10, 5.96672, 0.82191, 0.90222, 9331, 16466, 6131, 10.040908416, 425449, 209721, 66 39852, 
BlinkSearcher, 15, 6.11302, 0.84206, 0.64762, 2437, 4280, 1605, 0.099171129, 
