Top-k, (AvgResultRelev, AvgResultRelev/ResultRelevs[0], AvgResultDiss) numOfKNListsRead, numOfNKMapLookups, numOfAnswerTreesExplored, elapseTime, 
BlinkSearcher, 5, 6.58576, 0.90718, 0.55000, 1352, 2365, 951, 0.267006049, 
BlinkSearcher, 5, 6.58576, 0.90718, 0.55000, 1352, 2365, 951, 0.106281013, 
ExhustiveSearcher, 5, 6.53016, 0.89952, 0.71000, 1352, 2365, 951, 0.114881833, 57, 32, 57, 
Astar1, 5, 6.53016, 0.89952, 0.71000, 1352, 2365, 951, 0.112279075, 33, 11, 2 13, 
Astar2, 5, 6.53016, 0.89952, 0.71000, 1352, 2365, 951, 0.073666822, 33, 11, 2 13, 
BlinkSearcher, 10, 6.30445, 0.86843, 0.65778, 1373, 2395, 958, 0.085566665, 
ExhustiveSearcher, 10, 6.28883, 0.86628, 0.70889, 2989, 5210, 1906, 0.268386397, 3996, 3985, 3995, 
Astar1, 10, 6.28883, 0.86628, 0.70889, 2989, 5210, 1906, 0.108753892, 583, 84, 7 99, 
Astar2, 10, 6.28883, 0.86628, 0.70889, 2989, 5210, 1906, 0.102811651, 245, 84, 7 63, 
BlinkSearcher, 15, 6.11302, 0.84206, 0.64762, 2437, 4280, 1605, 0.099699535, 
ExhustiveSearcher, 15, 6.10209, 0.84055, 0.70667, 2998, 5226, 1911, 2.362714425, 260744, 260729, 260744, 
Astar1, 15, 6.10209, 0.84055, 0.73143, 2998, 5226, 1911, 0.095172103, 942, 163, 5 219, 
Astar2, 15, 6.10209, 0.84055, 0.73143, 2998, 5226, 1911, 0.074402073, 725, 163, 5 183, 
BlinkSearcher, 20, 5.97411, 0.82293, 0.73421, 6804, 11946, 4356, 0.291136198, 
ExhustiveSearcher, 20, 5.97411, 0.82293, 0.70579, 6804, 11946, 4356, 35.030389534, 1048575, 1048574, 1048575, 
Astar1, 20, 5.97411, 0.82293, 0.70579, 6804, 11946, 4356, 0.185221823, 211, 21, 1 190, 
Astar2, 20, 5.97411, 0.82293, 0.70579, 6804, 11946, 4356, 0.157147782, 211, 21, 1 190, 
