Top-k, (AvgResultRelev, AvgResultRelev/ResultRelevs[0], AvgResultDiss) numOfKNListsRead, numOfNKMapLookups, numOfAnswerTreesExplored, elapseTime, 
BlinkSearcher, 5, 7.28974, 0.94195, 0.38000, 895, 1475, 532, 0.138324332, 
BlinkSearcher, 5, 7.28974, 0.94195, 0.38000, 895, 1475, 532, 0.064878695, 
ExhustiveSearcher, 5, 7.13960, 0.92255, 0.71000, 1362, 2177, 725, 0.07285366, 89, 32, 89, 
Astar1, 5, 7.13960, 0.92255, 0.71000, 1362, 2177, 725, 0.058886629, 59, 20, 3 20, 
Astar2, 5, 7.13960, 0.92255, 0.71000, 1362, 2177, 725, 0.062259966, 59, 20, 3 20, 
BlinkSearcher, 10, 6.84342, 0.88428, 0.43556, 1770, 2965, 1101, 0.09854887, 
ExhustiveSearcher, 10, 6.82760, 0.88223, 0.70444, 6497, 11106, 4545, 1.241831172, 120683, 120656, 117399, 
Astar1, 10, 6.82760, 0.88223, 0.70444, 6497, 11106, 4545, 0.184637206, 4083, 1047, 20 494, 
Astar2, 10, 6.82760, 0.88223, 0.70000, 6497, 11106, 4545, 0.151514301, 2943, 1047, 20 265, 
BlinkSearcher, 15, 6.65151, 0.85948, 0.40000, 2603, 4458, 1752, 0.098290119, 
ExhustiveSearcher, 15, 6.63702, 0.85761, 0.70190, 6497, 11106, 4545, 182.099269195, 22606109, 22606084, 22236004, 
Astar1, 15, 6.63702, 0.85761, 0.70190, 6497, 11106, 4545, 1.742749885, 141871, 38778, 15 29687, 
Astar2, 15, 6.63702, 0.85761, 0.70190, 6497, 11106, 4545, 1.477662343, 89466, 38778, 15 18302, 
BlinkSearcher, 20, 6.55555, 0.84708, 0.44737, 4884, 8323, 3312, 0.126316139, 
Astar1, 20, 6.52752, 0.84346, 0.70000, 6497, 11106, 4545, 7.776725863, 700502, 158337, 10 230540, 
Astar2, 20, 6.52752, 0.84346, 0.70000, 6497, 11106, 4545, 7.621086847, 700502, 158337, 10 230540, 
