Top-k, (AvgResultRelev, AvgResultRelev/ResultRelevs[0], AvgResultDiss) numOfKNListsRead, numOfNKMapLookups, numOfAnswerTreesExplored, elapseTime, 
BlinkSearcher, 5, 5.96569, 0.97741, 0.55000, 2166, 3592, 1179, 0.291682642, 
BlinkSearcher, 5, 5.96569, 0.97741, 0.55000, 2166, 3592, 1179, 0.156994267, 
ExhustiveSearcher, 5, 5.96524, 0.97734, 0.80000, 2166, 3592, 1179, 0.130560126, 59, 33, 59, 
Astar1, 5, 5.96524, 0.97734, 0.80000, 2166, 3592, 1179, 0.123889675, 35, 12, 2 14, 
Astar2, 5, 5.96524, 0.97734, 0.80000, 2166, 3592, 1179, 0.100113953, 35, 12, 2 14, 
BlinkSearcher, 10, 5.79771, 0.94989, 0.71111, 3932, 6990, 2628, 0.226166114, 
ExhustiveSearcher, 10, 5.79771, 0.94989, 0.71111, 3932, 6990, 2628, 0.115136309, 1023, 1022, 1023, 
Astar1, 10, 5.79771, 0.94989, 0.71111, 3932, 6990, 2628, 0.143987499, 56, 11, 1 45, 
Astar2, 10, 5.79771, 0.94989, 0.71111, 3932, 6990, 2628, 0.088387117, 56, 11, 1 45, 
BlinkSearcher, 15, 5.62726, 0.92196, 0.84762, 4367, 7763, 2874, 0.138086695, 
ExhustiveSearcher, 15, 5.62726, 0.92196, 0.84762, 4367, 7763, 2874, 0.799309264, 32767, 32766, 32767, 
Astar1, 15, 5.62726, 0.92196, 0.84762, 4367, 7763, 2874, 0.163890745, 121, 16, 1 105, 
Astar2, 15, 5.62726, 0.92196, 0.84762, 4367, 7763, 2874, 0.123126111, 121, 16, 1 105, 
BlinkSearcher, 20, 5.51687, 0.90388, 0.84211, 4367, 7763, 2874, 0.145784355, 
ExhustiveSearcher, 20, 5.51687, 0.90388, 0.84211, 4367, 7763, 2874, 35.342368717, 1048575, 1048574, 1048575, 
Astar1, 20, 5.51687, 0.90388, 0.84211, 4367, 7763, 2874, 0.161919892, 211, 21, 1 190, 
Astar2, 20, 5.51687, 0.90388, 0.84211, 4367, 7763, 2874, 0.108306934, 211, 21, 1 190, 
