Top-k, (AvgResultRelev, AvgResultRelev/ResultRelevs[0], AvgResultDiss) numOfKNListsRead, numOfNKMapLookups, numOfAnswerTreesExplored, elapseTime, 
BlinkSearcher, 5, 8.03382, 0.97072, 0.62000, 1989, 3208, 1001, 0.297215888, 
BlinkSearcher, 5, 8.03382, 0.97072, 0.62000, 1989, 3208, 1001, 0.116961143, 
ExhustiveSearcher, 5, 7.99326, 0.96582, 0.75000, 2001, 3225, 1004, 0.124957844, 143, 33, 143, 
Astar1, 5, 7.99326, 0.96582, 0.75000, 2001, 3225, 1004, 0.112047011, 86, 31, 4 22, 
Astar2, 5, 7.99326, 0.96582, 0.75000, 2001, 3225, 1004, 0.089263017, 86, 31, 4 22, 
BlinkSearcher, 10, 7.86918, 0.95083, 0.51111, 2546, 4118, 1312, 0.135676994, 
ExhustiveSearcher, 10, 7.81326, 0.94407, 0.71778, 4537, 7748, 2430, 0.4303788, 24217, 24206, 24216, 
Astar1, 10, 7.81326, 0.94407, 0.71778, 4537, 7748, 2430, 0.102138581, 1553, 358, 7 368, 
Astar2, 10, 7.81326, 0.94407, 0.71778, 4537, 7748, 2430, 0.098715848, 1264, 358, 7 368, 
BlinkSearcher, 15, 7.73988, 0.93521, 0.60190, 4537, 7748, 2430, 0.132416985, 
ExhustiveSearcher, 15, 7.68323, 0.92836, 0.70381, 4765, 8131, 2522, 1.642562221, 130494, 130478, 130494, 
Astar1, 15, 7.68323, 0.92836, 0.70381, 4765, 8131, 2522, 0.229790014, 6509, 791, 10 902, 
Astar2, 15, 7.68323, 0.92836, 0.70381, 4765, 8131, 2522, 0.099999001, 2088, 792, 10 521, 
BlinkSearcher, 20, 7.58132, 0.91605, 0.66632, 4546, 7763, 2433, 0.162806897, 
ExhustiveSearcher, 20, 7.56326, 0.91387, 0.71000, 7078, 12194, 3780, 144.225945223, 16685454, 16685413, 16684898, 
Astar1, 20, 7.56326, 0.91387, 0.71000, 7078, 12194, 3780, 0.375679149, 14122, 2056, 17 1428, 
Astar2, 20, 7.56326, 0.91387, 0.71000, 7078, 12194, 3780, 0.219345838, 5458, 2056, 17 930, 
