Top-k, (AvgResultRelev, AvgResultRelev/ResultRelevs[0], AvgResultDiss) numOfKNListsRead, numOfNKMapLookups, numOfAnswerTreesExplored, elapseTime, 
BlinkSearcher, 5, 7.73462, 0.95051, 0.65000, 997, 1704, 514, 0.106012224, 
BlinkSearcher, 5, 7.73462, 0.95051, 0.65000, 997, 1704, 514, 0.07152598, 
ExhustiveSearcher, 5, 7.73462, 0.95051, 0.79000, 1178, 2034, 593, 0.08672561, 103, 39, 103, 
Astar1, 5, 7.73462, 0.95051, 0.79000, 1178, 2034, 593, 0.058474359, 58, 19, 3 18, 
Astar2, 5, 7.73462, 0.95051, 0.79000, 1178, 2034, 593, 0.057879563, 58, 19, 3 18, 
BlinkSearcher, 10, 7.59064, 0.93282, 0.62222, 2437, 4301, 1222, 0.124635472, 
ExhustiveSearcher, 10, 7.58966, 0.93269, 0.71556, 4393, 7742, 2205, 0.138632405, 4009, 1050, 4009, 
Astar1, 10, 7.58966, 0.93269, 0.71556, 4393, 7742, 2205, 0.123142036, 239, 51, 3 82, 
Astar2, 10, 7.58966, 0.93269, 0.71556, 4393, 7742, 2205, 0.084869631, 239, 51, 3 82, 
BlinkSearcher, 15, 7.53535, 0.92602, 0.69524, 4396, 7746, 2206, 0.141369692, 
ExhustiveSearcher, 15, 7.53535, 0.92602, 0.71905, 4396, 7746, 2206, 0.947346079, 65522, 32773, 65522, 
Astar1, 15, 7.53535, 0.92602, 0.73143, 4396, 7746, 2206, 0.165959592, 575, 70, 4 150, 
Astar2, 15, 7.53535, 0.92602, 0.73143, 4396, 7746, 2206, 0.125963963, 575, 70, 4 150, 
BlinkSearcher, 20, 7.47511, 0.91862, 0.74789, 4409, 7768, 2211, 0.158657363, 
ExhustiveSearcher, 20, 7.47511, 0.91862, 0.74789, 4409, 7768, 2211, 25.596894209, 1048575, 1048574, 1048575, 
Astar1, 20, 7.47511, 0.91862, 0.74789, 4409, 7768, 2211, 0.145398857, 211, 21, 1 190, 
Astar2, 20, 7.47511, 0.91862, 0.74789, 4409, 7768, 2211, 0.141475827, 211, 21, 1 190, 
