Top-k, (AvgResultRelev, AvgResultRelev/ResultRelevs[0], AvgResultDiss) numOfKNListsRead, numOfNKMapLookups, numOfAnswerTreesExplored, elapseTime, 
BlinkSearcher, 5, 6.75715, 0.91955, 0.35000, 1971, 2481, 507, 0.185115039, 
BlinkSearcher, 5, 6.75715, 0.91955, 0.35000, 1971, 2481, 507, 0.089916153, 
ExhustiveSearcher, 5, 6.46758, 0.88014, 0.74000, 4112, 5532, 1436, 0.194282018, 3555, 3542, 2467, 
Astar1, 5, 6.46758, 0.88014, 0.74000, 4112, 5532, 1436, 0.125305634, 3660, 1247, 21 292, 
Astar2, 5, 6.46758, 0.88014, 0.74000, 4112, 5532, 1436, 0.101633197, 3076, 1247, 21 292, 
BlinkSearcher, 10, 6.42333, 0.87412, 0.49778, 3951, 5304, 1363, 0.120211004, 
ExhustiveSearcher, 10, 6.31344, 0.85916, 0.70667, 6609, 8863, 2292, 3.445943554, 449114, 449077, 447063, 
Astar1, 10, 6.31344, 0.85916, 0.70667, 6609, 8863, 2292, 2.61724879, 206101, 24438, 47 7514, 
Astar2, 10, 6.31344, 0.85916, 0.70667, 6609, 8863, 2292, 1.51469229, 92886, 24438, 47 7514, 
BlinkSearcher, 15, 6.26473, 0.85254, 0.49143, 4055, 5449, 1410, 0.148146256, 
ExhustiveSearcher, 15, 6.17277, 0.84002, 0.70857, 6609, 8863, 2292, 428.382524751, 39461836, 39461791, 35265378, 
Astar1, 15, 6.17277, 0.84002, 0.70857, 6609, 8863, 2292, 14.002409948, 941813, 100308, 42 45674, 
Astar2, 15, 6.17277, 0.84002, 0.70857, 6609, 8863, 2292, 8.032054848, 309833, 100308, 42 22880, 
BlinkSearcher, 20, 6.13763, 0.83524, 0.53632, 4058, 5453, 1411, 0.101580147, 
Astar1, 20, 6.07577, 0.82682, 0.70053, 7222, 9729, 2557, 876.630923648, 42214103, 1402873, 145 529421, 
Astar2, 20, 6.07577, 0.82682, 0.70053, 7222, 9729, 2557, 251.340056012, 1748186, 1402860, 145 114720, 
