Top-k, (AvgResultRelev, AvgResultRelev/ResultRelevs[0], AvgResultDiss) numOfKNListsRead, numOfNKMapLookups, numOfAnswerTreesExplored, elapseTime, 
BlinkSearcher, 5, 7.08223, 0.86213, 0.55000, 1184, 1670, 425, 0.117225162, 
BlinkSearcher, 5, 7.08223, 0.86213, 0.55000, 1184, 1670, 425, 0.104736751, 
ExhustiveSearcher, 5, 6.91771, 0.84210, 0.78000, 1959, 2825, 771, 0.126576305, 102, 38, 102, 
Astar1, 5, 6.91771, 0.84210, 0.78000, 1959, 2825, 771, 0.095359571, 59, 23, 3 16, 
Astar2, 5, 6.91771, 0.84210, 0.78000, 1959, 2825, 771, 0.072566423, 59, 23, 3 16, 
BlinkSearcher, 10, 6.43024, 0.78276, 0.63556, 2513, 3556, 933, 0.10282951, 
ExhustiveSearcher, 10, 6.41669, 0.78111, 0.71556, 2615, 3688, 960, 3.617611872, 530545, 530524, 530534, 
Astar1, 10, 6.41669, 0.78111, 0.71556, 2615, 3688, 960, 0.073219292, 1933, 351, 14 254, 
Astar2, 10, 6.41669, 0.78111, 0.71556, 2615, 3688, 960, 0.068281804, 1933, 351, 14 254, 
BlinkSearcher, 15, 6.17731, 0.75197, 0.48667, 2513, 3556, 933, 0.084569591, 
ExhustiveSearcher, 15, 6.14044, 0.74748, 0.70095, 7222, 9763, 2205, 515.490817954, 59151440, 59151418, 59131640, 
Astar1, 15, 6.14044, 0.74748, 0.70095, 7222, 9763, 2205, 13.766502988, 752320, 195200, 25 85764, 
Astar2, 15, 6.14044, 0.74748, 0.70095, 7222, 9763, 2205, 10.831897493, 390048, 195199, 25 49287, 
BlinkSearcher, 20, 6.04398, 0.73574, 0.45211, 2615, 3688, 960, 0.091315097, 
Astar1, 20, 5.99711, 0.73004, 0.70368, 7222, 9763, 2205, 17101.85647671, 374803073, 122293963, 36 22958473, 
Astar2, 20, 5.99711, 0.73004, 0.70368, 7222, 9763, 2205, 11936.395366682, 136572059, 122293963, 36 8052598, 
