Top-k, (AvgResultRelev, AvgResultRelev/ResultRelevs[0], AvgResultDiss) numOfKNListsRead, numOfNKMapLookups, numOfAnswerTreesExplored, elapseTime, 
BlinkSearcher, 5, 7.40757, 0.89774, 0.45000, 1746, 2870, 938, 0.109650307, 
BlinkSearcher, 5, 7.40757, 0.89774, 0.45000, 1746, 2870, 938, 0.058067919, 
ExhustiveSearcher, 5, 7.25750, 0.87955, 0.74000, 1790, 2939, 958, 0.081915974, 3679, 3662, 3454, 
Astar1, 5, 7.25750, 0.87955, 0.74000, 1790, 2939, 958, 0.066175413, 1638, 528, 22 124, 
Astar2, 5, 7.25750, 0.87955, 0.74000, 1790, 2939, 958, 0.065663209, 1251, 528, 22 104, 
BlinkSearcher, 10, 7.05933, 0.85554, 0.41556, 1773, 2915, 953, 0.059095949, 
ExhustiveSearcher, 10, 6.99541, 0.84779, 0.70222, 1790, 2939, 958, 15.514991851, 2388357, 56179, 2388357, 
Astar1, 10, 6.99541, 0.84779, 0.70222, 1790, 2939, 958, 0.126360779, 8868, 2154, 17 941, 
Astar2, 10, 6.99541, 0.84779, 0.70222, 1790, 2939, 958, 0.125027451, 8868, 2154, 17 941, 
BlinkSearcher, 15, 6.90707, 0.83708, 0.34286, 1773, 2915, 953, 0.056982993, 
ExhustiveSearcher, 15, 6.82596, 0.82725, 0.70762, 5688, 9879, 3892, 350.235201958, 47027195, 47027144, 47027171, 
Astar1, 15, 6.82596, 0.82725, 0.70190, 5688, 9879, 3892, 5.96509717, 575170, 130965, 14 222379, 
Astar2, 15, 6.82596, 0.82725, 0.70190, 5688, 9879, 3892, 6.040282694, 575170, 130965, 14 222379, 
