Top-k, (AvgResultRelev, AvgResultRelev/ResultRelevs[0], AvgResultDiss) numOfKNListsRead, numOfNKMapLookups, numOfAnswerTreesExplored, elapseTime, 
BlinkSearcher, 5, 7.54483, 0.94419, 0.65000, 2791, 4371, 1404, 0.278005918, 
BlinkSearcher, 5, 7.54483, 0.94419, 0.65000, 2791, 4371, 1404, 0.07218394, 
ExhustiveSearcher, 5, 7.52368, 0.94154, 0.70000, 2800, 4382, 1407, 0.07162867, 61, 34, 61, 
Astar1, 5, 7.52368, 0.94154, 0.70000, 2800, 4382, 1407, 0.068517928, 35, 12, 2 14, 
Astar2, 5, 7.52368, 0.94154, 0.70000, 2800, 4382, 1407, 0.068036502, 35, 12, 2 14, 
BlinkSearcher, 10, 7.27566, 0.91050, 0.80667, 4944, 8223, 2967, 0.134804663, 
ExhustiveSearcher, 10, 7.27566, 0.91050, 0.80667, 4944, 8223, 2967, 0.087672073, 1023, 1022, 1023, 
Astar1, 10, 7.27566, 0.91050, 0.80667, 4944, 8223, 2967, 0.080269452, 56, 11, 1 45, 
Astar2, 10, 7.27566, 0.91050, 0.80667, 4944, 8223, 2967, 0.078668445, 56, 11, 1 45, 
BlinkSearcher, 15, 7.07755, 0.88571, 0.84857, 5079, 8435, 3031, 0.081929011, 
ExhustiveSearcher, 15, 7.07755, 0.88571, 0.84857, 5079, 8435, 3031, 0.268634469, 32767, 32766, 32767, 
Astar1, 15, 7.07755, 0.88571, 0.84857, 5079, 8435, 3031, 0.087780279, 121, 16, 1 105, 
Astar2, 15, 7.07755, 0.88571, 0.84857, 5079, 8435, 3031, 0.086777284, 121, 16, 1 105, 
