Top-k, (AvgResultRelev, AvgResultRelev/ResultRelevs[0], AvgResultDiss) numOfKNListsRead, numOfNKMapLookups, numOfAnswerTreesExplored, elapseTime, 
BlinkSearcher, 5, 6.95750, 0.86778, 0.65000, 2145, 3192, 982, 0.121501745, 
BlinkSearcher, 5, 6.95750, 0.86778, 0.65000, 2145, 3192, 982, 0.060748683, 
ExhustiveSearcher, 5, 6.93999, 0.86560, 0.79000, 2145, 3192, 982, 0.060205334, 103, 39, 103, 
Astar1, 5, 6.93999, 0.86560, 0.79000, 2145, 3192, 982, 0.059823509, 55, 20, 3 16, 
Astar2, 5, 6.93999, 0.86560, 0.79000, 2145, 3192, 982, 0.060145197, 55, 20, 3 16, 
BlinkSearcher, 10, 6.65692, 0.83029, 0.69111, 2383, 3617, 1165, 0.066414705, 
ExhustiveSearcher, 10, 6.65307, 0.82981, 0.72444, 2911, 4525, 1543, 0.083107359, 2041, 1029, 2041, 
Astar1, 10, 6.65307, 0.82981, 0.72444, 2911, 4525, 1543, 0.064942877, 121, 23, 2 54, 
Astar2, 10, 6.65307, 0.82981, 0.72444, 2911, 4525, 1543, 0.063914267, 121, 23, 2 54, 
BlinkSearcher, 15, 6.48146, 0.80841, 0.69810, 4469, 7286, 2734, 0.109380127, 
ExhustiveSearcher, 15, 6.48146, 0.80841, 0.71429, 4469, 7286, 2734, 0.211163765, 32767, 32766, 32767, 
Astar1, 15, 6.48146, 0.80841, 0.70667, 4469, 7286, 2734, 0.079685185, 580, 68, 4 152, 
Astar2, 15, 6.48146, 0.80841, 0.70667, 4469, 7286, 2734, 0.07662952, 580, 68, 4 152, 
