Top-k, (AvgResultRelev, AvgResultRelev/ResultRelevs[0], AvgResultDiss) numOfKNListsRead, numOfNKMapLookups, numOfAnswerTreesExplored, elapseTime, 
BlinkSearcher, 5, 6.58576, 0.90718, 0.55000, 1352, 2365, 951, 0.100680971, 
BlinkSearcher, 5, 6.58576, 0.90718, 0.55000, 1352, 2365, 951, 0.059644469, 
ExhustiveSearcher, 5, 6.53016, 0.89952, 0.71000, 1352, 2365, 951, 0.060029579, 57, 32, 57, 
Astar1, 5, 6.53016, 0.89952, 0.71000, 1352, 2365, 951, 0.059994992, 33, 11, 2 13, 
Astar2, 5, 6.53016, 0.89952, 0.71000, 1352, 2365, 951, 0.059849235, 33, 11, 2 13, 
BlinkSearcher, 10, 6.30445, 0.86843, 0.65778, 1373, 2395, 958, 0.060472814, 
ExhustiveSearcher, 10, 6.28883, 0.86628, 0.70889, 2989, 5210, 1906, 0.116064705, 3996, 3985, 3995, 
Astar1, 10, 6.28883, 0.86628, 0.70889, 2989, 5210, 1906, 0.07003793, 583, 84, 7 99, 
Astar2, 10, 6.28883, 0.86628, 0.70889, 2989, 5210, 1906, 0.068850174, 245, 84, 7 63, 
BlinkSearcher, 15, 6.11302, 0.84206, 0.64762, 2437, 4280, 1605, 0.066082223, 
ExhustiveSearcher, 15, 6.10209, 0.84055, 0.70667, 2998, 5226, 1911, 1.686206105, 260744, 260729, 260744, 
Astar1, 15, 6.10209, 0.84055, 0.73143, 2998, 5226, 1911, 0.06976892, 942, 163, 5 219, 
Astar2, 15, 6.10209, 0.84055, 0.73143, 2998, 5226, 1911, 0.068515015, 725, 163, 5 183, 
