Top-k, (AvgResultRelev, AvgResultRelev/ResultRelevs[0], AvgResultDiss) numOfKNListsRead, numOfNKMapLookups, numOfAnswerTreesExplored, elapseTime, 
BlinkSearcher, 5, 7.28974, 0.94195, 0.38000, 895, 1475, 532, 0.080145231, 
BlinkSearcher, 5, 7.28974, 0.94195, 0.38000, 895, 1475, 532, 0.05537627, 
ExhustiveSearcher, 5, 7.13960, 0.92255, 0.71000, 1362, 2177, 725, 0.068222043, 89, 32, 89, 
Astar1, 5, 7.13960, 0.92255, 0.71000, 1362, 2177, 725, 0.057650941, 59, 20, 3 20, 
Astar2, 5, 7.13960, 0.92255, 0.71000, 1362, 2177, 725, 0.057642935, 59, 20, 3 20, 
BlinkSearcher, 10, 6.84342, 0.88428, 0.43556, 1770, 2965, 1101, 0.074967644, 
ExhustiveSearcher, 10, 6.82760, 0.88223, 0.70444, 6497, 11106, 4545, 0.892602413, 120683, 120656, 117399, 
Astar1, 10, 6.82760, 0.88223, 0.70444, 6497, 11106, 4545, 0.127666658, 4083, 1047, 20 494, 
Astar2, 10, 6.82760, 0.88223, 0.70000, 6497, 11106, 4545, 0.120059938, 2943, 1047, 20 265, 
BlinkSearcher, 15, 6.65151, 0.85948, 0.40000, 2603, 4458, 1752, 0.065181632, 
ExhustiveSearcher, 15, 6.63702, 0.85761, 0.70190, 6497, 11106, 4545, 180.473101712, 22606109, 22606084, 22236004, 
Astar1, 15, 6.63702, 0.85761, 0.70190, 6497, 11106, 4545, 1.853555415, 141871, 38778, 15 29687, 
Astar2, 15, 6.63702, 0.85761, 0.70190, 6497, 11106, 4545, 1.587409204, 89466, 38778, 15 18302, 
