Top-k, (AvgResultRelev, AvgResultRelev/ResultRelevs[0], AvgResultDiss) numOfKNListsRead, numOfNKMapLookups, numOfAnswerTreesExplored, elapseTime, 
BlinkSearcher, 5, 5.96569, 0.97741, 0.55000, 2166, 3592, 1179, 0.093261968, 
BlinkSearcher, 5, 5.96569, 0.97741, 0.55000, 2166, 3592, 1179, 0.066010688, 
ExhustiveSearcher, 5, 5.96524, 0.97734, 0.80000, 2166, 3592, 1179, 0.063313436, 59, 33, 59, 
Astar1, 5, 5.96524, 0.97734, 0.80000, 2166, 3592, 1179, 0.063300588, 35, 12, 2 14, 
Astar2, 5, 5.96524, 0.97734, 0.80000, 2166, 3592, 1179, 0.063798536, 35, 12, 2 14, 
BlinkSearcher, 10, 5.79771, 0.94989, 0.71111, 3932, 6990, 2628, 0.10823891, 
ExhustiveSearcher, 10, 5.79771, 0.94989, 0.71111, 3932, 6990, 2628, 0.077030093, 1023, 1022, 1023, 
Astar1, 10, 5.79771, 0.94989, 0.71111, 3932, 6990, 2628, 0.078728563, 56, 11, 1 45, 
Astar2, 10, 5.79771, 0.94989, 0.71111, 3932, 6990, 2628, 0.075304573, 56, 11, 1 45, 
BlinkSearcher, 15, 5.62726, 0.92196, 0.84762, 4367, 7763, 2874, 0.084158828, 
ExhustiveSearcher, 15, 5.62726, 0.92196, 0.84762, 4367, 7763, 2874, 0.239606753, 32767, 32766, 32767, 
Astar1, 15, 5.62726, 0.92196, 0.84762, 4367, 7763, 2874, 0.082150389, 121, 16, 1 105, 
Astar2, 15, 5.62726, 0.92196, 0.84762, 4367, 7763, 2874, 0.081674456, 121, 16, 1 105, 
