Top-k, (AvgResultRelev, AvgResultRelev/ResultRelevs[0], AvgResultDiss) numOfKNListsRead, numOfNKMapLookups, numOfAnswerTreesExplored, elapseTime, 
BlinkSearcher, 5, 8.49679, 0.89812, 0.57000, 1525, 2217, 656, 0.236826578, 
BlinkSearcher, 5, 8.49679, 0.89812, 0.57000, 1525, 2217, 656, 0.106754027, 
ExhustiveSearcher, 5, 8.45200, 0.89338, 0.71000, 2015, 3008, 882, 0.137514058, 459, 444, 448, 
Astar1, 5, 8.45200, 0.89338, 0.71000, 2015, 3008, 882, 0.128120066, 1537, 373, 24 120, 
Astar2, 5, 8.45200, 0.89338, 0.71000, 2015, 3008, 882, 0.101796253, 1480, 373, 24 120, 
BlinkSearcher, 10, 8.10904, 0.85713, 0.52667, 1525, 2217, 656, 0.100884534, 
ExhustiveSearcher, 10, 8.08665, 0.85476, 0.70000, 2015, 3008, 882, 36.80381266, 3526398, 1677, 3526398, 
Astar1, 10, 8.08665, 0.85476, 0.70000, 2015, 3008, 882, 1.193341312, 64457, 36027, 19 16289, 
Astar2, 10, 8.08665, 0.85476, 0.70000, 2015, 3008, 882, 1.083100265, 64457, 36027, 19 16289, 
BlinkSearcher, 15, 7.97980, 0.84347, 0.54571, 1525, 2217, 656, 0.081559186, 
