Top-k, (AvgResultRelev, AvgResultRelev/ResultRelevs[0], AvgResultDiss) numOfKNListsRead, numOfNKMapLookups, numOfAnswerTreesExplored, elapseTime, 
BlinkSearcher, 5, 7.46615, 0.87480, 0.60000, 251, 213, 33, 0.134858068, 
BlinkSearcher, 5, 7.46615, 0.87480, 0.60000, 251, 213, 33, 0.094940994, 
ExhustiveSearcher, 5, 7.39155, 0.86606, 0.74000, 251, 213, 33, 0.10964095, 59, 33, 59, 
Astar1, 5, 7.46615, 0.87480, 0.71000, 278, 244, 46, 0.115124057, 220, 48, 8 35, 
Astar2, 5, (no result) 354836, 294434, 86371, 7.082011558, 345590, 345482, 86368 27, 
BlinkSearcher, 10, 7.03994, 0.82487, 0.72444, 269, 234, 42, 0.068673883, 
ExhustiveSearcher, 10, 7.03994, 0.82487, 0.72444, 269, 234, 42, 0.095821219, 1023, 1022, 1023, 
Astar1, 10, 7.05990, 0.82720, 0.72000, 278, 244, 46, 0.069879108, 123, 20, 3 59, 
Astar2, 10, 7.05990, 0.82720, 0.72000, 278, 244, 46, 0.063731903, 123, 20, 3 59, 
BlinkSearcher, 15, 6.82775, 0.80000, 0.79524, 278, 244, 46, 0.065090659, 
ExhustiveSearcher, 15, 6.82775, 0.80000, 0.79524, 278, 244, 46, 0.81245708, 32767, 32766, 32767, 
Astar1, 15, 6.82775, 0.80000, 0.79524, 287, 251, 46, 0.076220755, 261, 35, 2 120, 
Astar2, 15, 6.82775, 0.80000, 0.79524, 287, 251, 46, 0.078015501, 261, 35, 2 120, 
