Top-k, (AvgResultRelev, AvgResultRelev/ResultRelevs[0], AvgResultDiss) numOfKNListsRead, numOfNKMapLookups, numOfAnswerTreesExplored, elapseTime, 
BlinkSearcher, 5, 7.17450, 0.93648, 0.59000, 324, 265, 44, 0.140572814, 
BlinkSearcher, 5, 7.17450, 0.93648, 0.59000, 324, 265, 44, 0.081593562, 
ExhustiveSearcher, 5, 7.06455, 0.92213, 0.76000, 326, 266, 44, 0.103925751, 59, 33, 59, 
Astar1, 5, 7.06455, 0.92213, 0.76000, 326, 266, 44, 0.105244997, 33, 11, 2 13, 
Astar2, 5, 7.06455, 0.92213, 0.76000, 326, 266, 44, 0.092726481, 33, 11, 2 13, 
BlinkSearcher, 10, 6.65412, 0.86855, 0.86000, 326, 266, 44, 0.083931557, 
ExhustiveSearcher, 10, 6.65412, 0.86855, 0.87778, 326, 266, 44, 0.104812975, 1023, 1022, 1023, 
Astar1, 10, 6.65412, 0.86855, 0.87778, 326, 266, 44, 0.126093753, 56, 11, 1 45, 
Astar2, 10, 6.65412, 0.86855, 0.87778, 326, 266, 44, 0.125636815, 56, 11, 1 45, 
BlinkSearcher, 15, 6.49577, 0.84788, 0.87048, 414, 359, 61, 0.124855576, 
ExhustiveSearcher, 15, 6.49577, 0.84788, 0.87048, 414, 359, 61, 1.086065112, 32767, 32766, 32767, 
Astar1, 15, 6.49577, 0.84788, 0.87048, 423, 371, 64, 0.098780843, 204, 23, 2 120, 
Astar2, 15, 6.49577, 0.84788, 0.87048, 423, 371, 64, 0.087410639, 204, 23, 2 120, 
