Top-k, (AvgResultRelev, AvgResultRelev/ResultRelevs[0], AvgResultDiss) numOfKNListsRead, numOfNKMapLookups, numOfAnswerTreesExplored, elapseTime, 
BlinkSearcher, 5, 7.08223, 0.86213, 0.55000, 1184, 1670, 425, 0.088532082, 
BlinkSearcher, 5, 7.08223, 0.86213, 0.55000, 1184, 1670, 425, 0.056463026, 
ExhustiveSearcher, 5, 6.91771, 0.84210, 0.78000, 1959, 2825, 771, 0.071498293, 102, 38, 102, 
Astar1, 5, 6.91771, 0.84210, 0.78000, 1959, 2825, 771, 0.056925223, 59, 23, 3 16, 
Astar2, 5, 6.91771, 0.84210, 0.78000, 1959, 2825, 771, 0.056675849, 59, 23, 3 16, 
BlinkSearcher, 10, 6.43024, 0.78276, 0.63556, 2513, 3556, 933, 0.064471237, 
ExhustiveSearcher, 10, 6.41669, 0.78111, 0.71556, 2615, 3688, 960, 3.397769156, 530545, 530524, 530534, 
Astar1, 10, 6.41669, 0.78111, 0.71556, 2615, 3688, 960, 0.075897861, 1933, 351, 14 254, 
Astar2, 10, 6.41669, 0.78111, 0.71556, 2615, 3688, 960, 0.067610395, 1933, 351, 14 254, 
BlinkSearcher, 15, 6.17731, 0.75197, 0.48667, 2513, 3556, 933, 0.05784982, 
ExhustiveSearcher, 15, 6.14044, 0.74748, 0.70095, 7222, 9763, 2205, 502.85808497, 59151440, 59151418, 59131640, 
Astar1, 15, 6.14044, 0.74748, 0.70095, 7222, 9763, 2205, 13.461342264, 752320, 195200, 25 85764, 
Astar2, 15, 6.14044, 0.74748, 0.70095, 7222, 9763, 2205, 10.635890147, 390048, 195199, 25 49287, 
