Top-k, (AvgResultRelev, AvgResultRelev/ResultRelevs[0], AvgResultDiss) numOfKNListsRead, numOfNKMapLookups, numOfAnswerTreesExplored, elapseTime, 
BlinkSearcher, 5, 7.40757, 0.89774, 0.45000, 1746, 2870, 938, 0.135804385, 
BlinkSearcher, 5, 7.40757, 0.89774, 0.45000, 1746, 2870, 938, 0.083622529, 
ExhustiveSearcher, 5, 7.32220, 0.88739, 0.65000, 1790, 2939, 958, 0.077567464, 568, 546, 434, 
Astar1, 5, 7.32220, 0.88739, 0.65000, 1790, 2939, 958, 0.076559428, 1400, 383, 22 116, 
Astar2, 5, 7.32220, 0.88739, 0.65000, 1790, 2939, 958, 0.076503939, 964, 379, 22 116, 
BlinkSearcher, 10, 7.05933, 0.85554, 0.41556, 1773, 2915, 953, 0.083915128, 
ExhustiveSearcher, 10, 7.01675, 0.85037, 0.60222, 1790, 2939, 958, 0.810909122, 117379, 117358, 111609, 
Astar1, 10, 7.01675, 0.85037, 0.60444, 1790, 2939, 958, 0.119614511, 7182, 1393, 17 930, 
Astar2, 10, 7.01675, 0.85037, 0.62222, 1790, 2939, 958, 0.106865154, 4299, 1365, 17 593, 
BlinkSearcher, 15, 6.90707, 0.83708, 0.34286, 1773, 2915, 953, 0.076169375, 
ExhustiveSearcher, 15, 6.87924, 0.83371, 0.60571, 1790, 2939, 958, 12.131119445, 1863381, 1862804, 1856711, 
Astar1, 15, 6.87924, 0.83371, 0.61333, 1790, 2939, 958, 0.235390426, 12750, 3780, 12 3360, 
Astar2, 15, 6.87924, 0.83371, 0.61333, 1790, 2939, 958, 0.225641391, 12750, 3780, 12 3360, 
BlinkSearcher, 20, 6.81234, 0.82560, 0.48526, 1773, 2915, 953, 0.071148649, 
ExhustiveSearcher, 20, 6.78902, 0.82278, 0.60579, 1911, 3123, 1017, 547.275466727, 65824259, 65824239, 65824259, 
Astar1, 20, 6.78902, 0.82278, 0.60579, 1911, 3123, 1017, 1.054041352, 73870, 15819, 8 39611, 
Astar2, 20, 6.78902, 0.82278, 0.60579, 1911, 3123, 1017, 0.999629048, 73870, 15819, 8 39611, 
