Top-k, (AvgResultRelev, AvgResultRelev/ResultRelevs[0], AvgResultDiss) numOfKNListsRead, numOfNKMapLookups, numOfAnswerTreesExplored, elapseTime, 
BlinkSearcher, 5, 7.54483, 0.94419, 0.65000, 2791, 4371, 1404, 0.222959416, 
BlinkSearcher, 5, 7.54483, 0.94419, 0.65000, 2791, 4371, 1404, 0.101545044, 
ExhustiveSearcher, 5, 7.54483, 0.94419, 0.65000, 2791, 4371, 1404, 0.072502335, 31, 30, 31, 
Astar1, 5, 7.54483, 0.94419, 0.65000, 2791, 4371, 1404, 0.065759022, 16, 6, 1 10, 
Astar2, 5, 7.54483, 0.94419, 0.65000, 2791, 4371, 1404, 0.065355149, 16, 6, 1 10, 
BlinkSearcher, 10, 7.27566, 0.91050, 0.80667, 4944, 8223, 2967, 0.222405787, 
ExhustiveSearcher, 10, 7.27566, 0.91050, 0.80667, 4944, 8223, 2967, 0.138289122, 1023, 1022, 1023, 
Astar1, 10, 7.27566, 0.91050, 0.80667, 4944, 8223, 2967, 0.124698984, 56, 11, 1 45, 
Astar2, 10, 7.27566, 0.91050, 0.80667, 4944, 8223, 2967, 0.1187524, 56, 11, 1 45, 
BlinkSearcher, 15, 7.07755, 0.88571, 0.84857, 5079, 8435, 3031, 0.151732728, 
ExhustiveSearcher, 15, 7.07755, 0.88571, 0.84857, 5079, 8435, 3031, 0.700729348, 32767, 32766, 32767, 
Astar1, 15, 7.07755, 0.88571, 0.84857, 5079, 8435, 3031, 0.121511144, 121, 16, 1 105, 
Astar2, 15, 7.07755, 0.88571, 0.84857, 5079, 8435, 3031, 0.116917669, 121, 16, 1 105, 
BlinkSearcher, 20, 6.95973, 0.87096, 0.81421, 5079, 8435, 3031, 0.152047394, 
ExhustiveSearcher, 20, 6.95973, 0.87096, 0.81421, 5079, 8435, 3031, 24.200161395, 1048575, 1048574, 1048575, 
Astar1, 20, 6.95973, 0.87096, 0.81421, 5079, 8435, 3031, 0.136165406, 211, 21, 1 190, 
Astar2, 20, 6.95973, 0.87096, 0.81421, 5079, 8435, 3031, 0.120499364, 211, 21, 1 190, 
