Top-k, (AvgResultRelev, AvgResultRelev/ResultRelevs[0], AvgResultDiss) numOfKNListsRead, numOfNKMapLookups, numOfAnswerTreesExplored, elapseTime, 
BlinkSearcher, 5, 6.58576, 0.90718, 0.55000, 1352, 2365, 951, 0.25689462, 
BlinkSearcher, 5, 6.58576, 0.90718, 0.55000, 1352, 2365, 951, 0.117215458, 
ExhustiveSearcher, 5, 6.53016, 0.89952, 0.71000, 1352, 2365, 951, 0.119809134, 59, 33, 59, 
Astar1, 5, 6.53016, 0.89952, 0.71000, 1352, 2365, 951, 0.12660328, 33, 11, 2 13, 
Astar2, 5, 6.53016, 0.89952, 0.71000, 1352, 2365, 951, 0.070216032, 33, 11, 2 13, 
BlinkSearcher, 10, 6.30445, 0.86843, 0.65778, 1373, 2395, 958, 0.083184156, 
ExhustiveSearcher, 10, 6.30445, 0.86843, 0.65778, 1373, 2395, 958, 0.123695244, 1023, 1022, 1023, 
Astar1, 10, 6.30445, 0.86843, 0.65778, 1373, 2395, 958, 0.08296335, 56, 11, 1 45, 
Astar2, 10, 6.30445, 0.86843, 0.65778, 1373, 2395, 958, 0.080751647, 56, 11, 1 45, 
BlinkSearcher, 15, 6.11302, 0.84206, 0.64762, 2437, 4280, 1605, 0.204315722, 
ExhustiveSearcher, 15, 6.11302, 0.84206, 0.64762, 2437, 4280, 1605, 0.981025977, 32767, 32766, 32767, 
Astar1, 15, 6.11302, 0.84206, 0.64762, 2437, 4280, 1605, 0.117523041, 121, 16, 1 105, 
Astar2, 15, 6.11302, 0.84206, 0.64762, 2437, 4280, 1605, 0.081066694, 121, 16, 1 105, 
BlinkSearcher, 20, 5.97411, 0.82293, 0.73421, 6804, 11946, 4356, 0.297257025, 
ExhustiveSearcher, 20, 5.97411, 0.82293, 0.70579, 6804, 11946, 4356, 32.727113345, 1048575, 1048574, 1048575, 
Astar1, 20, 5.97411, 0.82293, 0.70579, 6804, 11946, 4356, 0.190777123, 211, 21, 1 190, 
Astar2, 20, 5.97411, 0.82293, 0.70579, 6804, 11946, 4356, 0.14730804, 211, 21, 1 190, 
