Top-k, (AvgResultRelev, AvgResultRelev/ResultRelevs[0], AvgResultDiss) numOfKNListsRead, numOfNKMapLookups, numOfAnswerTreesExplored, elapseTime, 
BlinkSearcher, 5, 7.28974, 0.94195, 0.38000, 895, 1475, 532, 0.158970972, 
BlinkSearcher, 5, 7.28974, 0.94195, 0.38000, 895, 1475, 532, 0.103450916, 
ExhustiveSearcher, 5, 7.26421, 0.93865, 0.68000, 961, 1578, 565, 0.098517292, 57, 32, 57, 
Astar1, 5, 7.26421, 0.93865, 0.68000, 961, 1578, 565, 0.095046968, 36, 13, 2 14, 
Astar2, 5, 7.26421, 0.93865, 0.68000, 961, 1578, 565, 0.092745662, 36, 13, 2 14, 
BlinkSearcher, 10, 6.84342, 0.88428, 0.43556, 1770, 2965, 1101, 0.165264626, 
ExhustiveSearcher, 10, 6.84342, 0.88428, 0.63556, 3287, 5594, 2188, 0.431551837, 40663, 1357, 40663, 
Astar1, 10, 6.84342, 0.88428, 0.60667, 4884, 8323, 3312, 0.140079102, 1105, 147, 11 132, 
Astar2, 10, 6.84342, 0.88428, 0.60667, 4884, 8323, 3312, 0.083634001, 1105, 147, 11 132, 
BlinkSearcher, 15, 6.65151, 0.85948, 0.40000, 2603, 4458, 1752, 0.084655732, 
ExhustiveSearcher, 15, 6.65042, 0.85934, 0.60000, 6494, 11102, 4544, 44.615614895, 6082168, 37100, 6082168, 
Astar1, 15, 6.65042, 0.85934, 0.60000, 6494, 11102, 4544, 0.336323751, 15140, 5679, 9 5194, 
Astar2, 15, 6.65042, 0.85934, 0.60000, 6494, 11102, 4544, 0.259217005, 15140, 5679, 9 5194, 
BlinkSearcher, 20, 6.55555, 0.84708, 0.44737, 4884, 8323, 3312, 0.122637945, 
ExhustiveSearcher, 20, 6.54468, 0.84568, 0.60632, 6497, 11106, 4545, 528.783178967, 64827522, 64827499, 64827396, 
Astar1, 20, 6.54468, 0.84568, 0.60474, 6497, 11106, 4545, 4.802042783, 382366, 78355, 10 83411, 
Astar2, 20, 6.54468, 0.84568, 0.60474, 6497, 11106, 4545, 3.394871379, 231230, 78355, 10 56518, 
