Top-k, (AvgResultRelev, AvgResultRelev/ResultRelevs[0], AvgResultDiss) numOfKNListsRead, numOfNKMapLookups, numOfAnswerTreesExplored, elapseTime, 
BlinkSearcher, 5, 8.03382, 0.97072, 0.62000, 1989, 3208, 1001, 0.22797801, 
BlinkSearcher, 5, 8.03382, 0.97072, 0.62000, 1989, 3208, 1001, 0.12020731, 
ExhustiveSearcher, 5, 8.03382, 0.97072, 0.62000, 1989, 3208, 1001, 0.101982383, 31, 30, 31, 
Astar1, 5, 8.03382, 0.97072, 0.62000, 1989, 3208, 1001, 0.102572888, 36, 12, 2 14, 
Astar2, 5, 8.03382, 0.97072, 0.62000, 1989, 3208, 1001, 0.088599742, 36, 12, 2 14, 
BlinkSearcher, 10, 7.86918, 0.95083, 0.51111, 2546, 4118, 1312, 0.123555425, 
ExhustiveSearcher, 10, 7.86424, 0.95023, 0.60444, 2546, 4118, 1312, 0.113809701, 2027, 1026, 2027, 
Astar1, 10, 7.86424, 0.95023, 0.60444, 2546, 4118, 1312, 0.082246554, 118, 23, 2 53, 
Astar2, 10, 7.86424, 0.95023, 0.60444, 2546, 4118, 1312, 0.075226346, 118, 23, 2 53, 
BlinkSearcher, 15, 7.73988, 0.93521, 0.60190, 4537, 7748, 2430, 0.196654946, 
ExhustiveSearcher, 15, 7.73988, 0.93521, 0.60190, 4537, 7748, 2430, 0.981246172, 32767, 32766, 32767, 
Astar1, 15, 7.73988, 0.93521, 0.60190, 4537, 7748, 2430, 0.1259949, 121, 16, 1 105, 
Astar2, 15, 7.73988, 0.93521, 0.60190, 4537, 7748, 2430, 0.121585558, 121, 16, 1 105, 
BlinkSearcher, 20, 7.58132, 0.91605, 0.66632, 4546, 7763, 2433, 0.132460161, 
ExhustiveSearcher, 20, 7.58132, 0.91605, 0.66632, 4546, 7763, 2433, 28.472970953, 1048575, 1048574, 1048575, 
Astar1, 20, 7.58132, 0.91605, 0.66632, 4546, 7763, 2433, 0.13438816, 211, 21, 1 190, 
Astar2, 20, 7.58132, 0.91605, 0.66632, 4546, 7763, 2433, 0.110712132, 211, 21, 1 190, 
