Top-k, (AvgResultRelev, AvgResultRelev/ResultRelevs[0], AvgResultDiss) numOfKNListsRead, numOfNKMapLookups, numOfAnswerTreesExplored, elapseTime, 
BlinkSearcher, 5, 7.73462, 0.95051, 0.65000, 997, 1704, 514, 0.127413548, 
BlinkSearcher, 5, 7.73462, 0.95051, 0.65000, 997, 1704, 514, 0.061698108, 
ExhustiveSearcher, 5, 7.73462, 0.95051, 0.65000, 997, 1704, 514, 0.059981913, 31, 30, 31, 
Astar1, 5, 7.73462, 0.95051, 0.65000, 997, 1704, 514, 0.062950794, 16, 6, 1 10, 
Astar2, 5, 7.73462, 0.95051, 0.65000, 997, 1704, 514, 0.058215705, 16, 6, 1 10, 
BlinkSearcher, 10, 7.59064, 0.93282, 0.62222, 2437, 4301, 1222, 0.131322539, 
ExhustiveSearcher, 10, 7.59064, 0.93282, 0.62222, 2437, 4301, 1222, 0.088358984, 1023, 1022, 1023, 
Astar1, 10, 7.59064, 0.93282, 0.62222, 4393, 7742, 2205, 0.134320266, 110, 19, 2 55, 
Astar2, 10, 7.59064, 0.93282, 0.62222, 4393, 7742, 2205, 0.078835715, 110, 19, 2 55, 
BlinkSearcher, 15, 7.53535, 0.92602, 0.69524, 4396, 7746, 2206, 0.10478154, 
ExhustiveSearcher, 15, 7.53535, 0.92602, 0.69048, 4396, 7746, 2206, 0.829998219, 32767, 32766, 32767, 
Astar1, 15, 7.53535, 0.92602, 0.72667, 4396, 7746, 2206, 0.129206341, 581, 68, 4 152, 
Astar2, 15, 7.53535, 0.92602, 0.72667, 4396, 7746, 2206, 0.124570074, 581, 68, 4 152, 
BlinkSearcher, 20, 7.47511, 0.91862, 0.74789, 4409, 7768, 2211, 0.144245157, 
ExhustiveSearcher, 20, 7.47511, 0.91862, 0.74789, 4409, 7768, 2211, 26.805091817, 1048575, 1048574, 1048575, 
Astar1, 20, 7.47511, 0.91862, 0.74789, 4409, 7768, 2211, 0.13245615, 211, 21, 1 190, 
Astar2, 20, 7.47511, 0.91862, 0.74789, 4409, 7768, 2211, 0.111457984, 211, 21, 1 190, 
