Top-k, (AvgResultRelev, AvgResultRelev/ResultRelevs[0], AvgResultDiss) numOfKNListsRead, numOfNKMapLookups, numOfAnswerTreesExplored, elapseTime, 
BlinkSearcher, 5, 7.46615, 0.87480, 0.60000, 251, 213, 33, 0.090980284, 
BlinkSearcher, 5, 7.46615, 0.87480, 0.60000, 251, 213, 33, 0.083755613, 
ExhustiveSearcher, 5, 7.46615, 0.87480, 0.60000, 251, 213, 33, 0.076503391, 61, 34, 61, 
Astar1, 5, 7.46615, 0.87480, 0.60000, 251, 213, 33, 0.057401478, 35, 12, 2 14, 
Astar2, 5, 7.46615, 0.87480, 0.60000, 251, 213, 33, 0.051894608, 35, 12, 2 14, 
BlinkSearcher, 10, 7.03994, 0.82487, 0.72444, 269, 234, 42, 0.052305094, 
ExhustiveSearcher, 10, 7.03994, 0.82487, 0.72444, 269, 234, 42, 0.064966148, 1023, 1022, 1023, 
Astar1, 10, 7.05990, 0.82720, 0.72000, 278, 244, 46, 0.065890552, 123, 20, 3 59, 
Astar2, 10, 7.05990, 0.82720, 0.72000, 278, 244, 46, 0.054804635, 123, 20, 3 59, 
BlinkSearcher, 15, 6.82775, 0.80000, 0.79524, 278, 244, 46, 0.054065389, 
ExhustiveSearcher, 15, 6.82775, 0.80000, 0.79524, 278, 244, 46, 0.627898449, 32767, 32766, 32767, 
Astar1, 15, 6.82775, 0.80000, 0.79524, 287, 251, 46, 0.090165772, 261, 35, 2 120, 
Astar2, 15, 6.82775, 0.80000, 0.79524, 287, 251, 46, 0.083481392, 261, 35, 2 120, 
BlinkSearcher, 20, 6.62017, 0.77568, 0.77684, 416, 349, 52, 0.086754249, 
ExhustiveSearcher, 20, 6.62017, 0.77568, 0.77684, 416, 349, 52, 24.114308385, 1048575, 1048574, 1048575, 
Astar1, 20, 6.64020, 0.77803, 0.81789, 813, 731, 131, 0.122686242, 3105, 195, 14 330, 
Astar2, 20, 6.64020, 0.77803, 0.81789, 813, 731, 131, 0.106814887, 3105, 195, 14 330, 
