Top-k, (AvgResultRelev, AvgResultRelev/ResultRelevs[0], AvgResultDiss) numOfKNListsRead, numOfNKMapLookups, numOfAnswerTreesExplored, elapseTime, 
BlinkSearcher, 5, 7.08223, 0.86213, 0.55000, 1184, 1670, 425, 0.141368625, 
BlinkSearcher, 5, 7.08223, 0.86213, 0.55000, 1184, 1670, 425, 0.097352265, 
ExhustiveSearcher, 5, 7.02081, 0.85465, 0.60000, 1247, 1759, 452, 0.09315742, 57, 32, 57, 
Astar1, 5, 7.02081, 0.85465, 0.60000, 1247, 1759, 452, 0.090143654, 33, 11, 2 13, 
Astar2, 5, 7.02081, 0.85465, 0.60000, 1247, 1759, 452, 0.073992461, 33, 11, 2 13, 
BlinkSearcher, 10, 6.43024, 0.78276, 0.63556, 2513, 3556, 933, 0.106378337, 
ExhustiveSearcher, 10, 6.43024, 0.78276, 0.63556, 2513, 3556, 933, 0.076334499, 1023, 1022, 1023, 
Astar1, 10, 6.43024, 0.78276, 0.63556, 2513, 3556, 933, 0.069119007, 291, 48, 4 78, 
Astar2, 10, 6.43024, 0.78276, 0.63556, 2513, 3556, 933, 0.062939631, 291, 48, 4 78, 
BlinkSearcher, 15, 6.17731, 0.75197, 0.48667, 2513, 3556, 933, 0.080164368, 
ExhustiveSearcher, 15, 6.15923, 0.74977, 0.60667, 2615, 3688, 960, 11.286902269, 1839047, 1839026, 1837792, 
Astar1, 15, 6.15923, 0.74977, 0.62667, 2615, 3688, 960, 0.311166987, 22197, 4914, 9 5754, 
Astar2, 15, 6.15923, 0.74977, 0.62667, 2615, 3688, 960, 0.232680572, 22197, 4914, 9 5754, 
BlinkSearcher, 20, 6.04398, 0.73574, 0.45211, 2615, 3688, 960, 0.072724396, 
ExhustiveSearcher, 20, 6.02373, 0.73328, 0.60263, 7222, 9763, 2205, 135.541959666, 16729686, 16729660, 16728003, 
Astar1, 20, 6.02373, 0.73328, 0.60263, 7222, 9763, 2205, 1.262089207, 104711, 9727, 20 8267, 
Astar2, 20, 6.02373, 0.73328, 0.60263, 7222, 9763, 2205, 0.418894055, 27268, 7333, 20 4102, 
