Top-k, (AvgResultRelev, AvgResultRelev/ResultRelevs[0], AvgResultDiss) numOfKNListsRead, numOfNKMapLookups, numOfAnswerTreesExplored, elapseTime, 
BlinkSearcher, 5, 6.75715, 0.91955, 0.35000, 1971, 2481, 507, 0.104690286, 
BlinkSearcher, 5, 6.75715, 0.91955, 0.35000, 1971, 2481, 507, 0.074375973, 
ExhustiveSearcher, 5, 6.53513, 0.88933, 0.64000, 4058, 5453, 1411, 0.136127648, 424, 397, 384, 
Astar1, 5, 6.53513, 0.88933, 0.64000, 4058, 5453, 1411, 0.095428571, 2110, 643, 17 206, 
Astar2, 5, 6.53513, 0.88933, 0.64000, 4058, 5453, 1411, 0.075872669, 1150, 643, 17 107, 
BlinkSearcher, 10, 6.42333, 0.87412, 0.49778, 3951, 5304, 1363, 0.088965242, 
ExhustiveSearcher, 10, 6.38947, 0.86951, 0.62444, 4058, 5453, 1411, 0.547193282, 83732, 83544, 83399, 
Astar1, 10, 6.38947, 0.86951, 0.62444, 4058, 5453, 1411, 0.104664602, 4105, 1109, 12 700, 
Astar2, 10, 6.38947, 0.86951, 0.62444, 4058, 5453, 1411, 0.105722965, 4105, 1109, 12 700, 
BlinkSearcher, 15, 6.26473, 0.85254, 0.49143, 4055, 5449, 1410, 0.091295457, 
ExhustiveSearcher, 15, 6.23809, 0.84891, 0.62095, 4058, 5453, 1411, 13.478032824, 2010805, 52319, 2010805, 
Astar1, 15, 6.23809, 0.84891, 0.62095, 4058, 5453, 1411, 0.114796303, 3172, 569, 7 693, 
Astar2, 15, 6.23809, 0.84891, 0.62095, 4058, 5453, 1411, 0.087474283, 3172, 569, 7 693, 
BlinkSearcher, 20, 6.13763, 0.83524, 0.53632, 4058, 5453, 1411, 0.081831672, 
ExhustiveSearcher, 20, 6.13530, 0.83492, 0.60316, 4073, 5475, 1418, 45.134413954, 4194054, 4193485, 4193769, 
Astar1, 20, 6.13530, 0.83492, 0.60316, 4073, 5475, 1418, 0.110608445, 983, 115, 4 251, 
Astar2, 20, 6.13530, 0.83492, 0.60316, 4073, 5475, 1418, 0.107359186, 983, 115, 4 251, 
