10, 6, 7, 114, 147, 0, 0, 0, 0: (6.03, 6.92): 0.128
10, 0, 5, 122, 157, 14, 0, 0, 0: (5.61, 5.61): 0.121
10, 0, 3, 122, 199, 14, 5, 0, 0: (5.76, 5.76): 0.12
9, 0, 0, 122, 295, 14, 5, 32, 4: (5.66, 0.00): 0.13
9, 0, 0, 122, 295, 14, 5, 32, 32: (5.66, 0.00): 0.122
20, 6, 15, 122, 157, 0, 0, 0, 0: (5.33, 5.29): 0.117
20, 0, 15, 139, 183, 14, 0, 0, 0: (5.05, 5.05): 0.122
20, 0, 12, 128, 207, 14, 5, 0, 0: (5.12, 5.12): 0.122
20, 0, 0, 702, 1503, 66, 11, 167, 23: (4.62, 0.00): 0.18
20, 0, 0, 702, 1506, 66, 11, 168, 134: (4.62, 0.00): 0.127
30, 6, 25, 154, 202, 0, 0, 0, 0: (5.05, 4.95): 0.101
30, 0, 25, 196, 242, 16, 0, 0, 0: (4.86, 4.86): 0.104
30, 0, 22, 173, 258, 14, 5, 0, 0: (4.91, 4.91): 0.107
30, 0, 0, 702, 1509, 66, 11, 169, 41: (4.19, 0.00): 0.127
30, 0, 0, 702, 1515, 66, 11, 171, 126: (4.19, 0.00): 0.128
