10, 1, 3, 368, 606, 0, 0, 0, 0: (6.75, 6.85): 0.334
10, 0, 2, 368, 606, 136, 0, 0, 0: (6.75, 6.75): 0.2
10, 0, 2, 368, 1014, 136, 37, 0, 0: (6.75, 6.75): 0.238
10, 0, 0, 369, 1093, 136, 37, 26, 11: (6.65, 0.00): 0.255
10, 0, 0, 369, 1081, 136, 37, 22, 22: (6.65, 0.00): 0.218
20, 11, 13, 368, 606, 0, 0, 0, 0: (6.30, 6.85): 0.154
20, 0, 6, 806, 1195, 174, 0, 0, 0: (5.64, 5.64): 0.235
20, 0, 8, 600, 1397, 159, 39, 0, 0: (6.03, 6.03): 0.19
20, 0, 0, 814, 1925, 174, 49, 66, 36: (5.61, 0.00): 0.263
20, 0, 0, 814, 1880, 174, 49, 51, 51: (5.61, 0.00): 0.215
30, 20, 23, 368, 606, 0, 0, 0, 0: (6.15, 6.75): 0.122
30, 0, 11, 816, 1208, 174, 0, 0, 0: (4.90, 4.90): 0.132
30, 0, 12, 814, 1727, 174, 49, 0, 0: (5.30, 5.30): 0.135
30, 0, 0, 816, 2003, 174, 49, 91, 50: (4.85, 0.00): 0.17
30, 0, 0, 816, 1937, 174, 49, 69, 53: (4.85, 0.00): 0.146
