10, 0, 4, 174, 199, 0, 0, 0, 0: (7.52, 7.52): 0.142
10, 0, 4, 174, 199, 50, 0, 0, 0: (7.52, 7.52): 0.11
10, 0, 4, 174, 349, 50, 47, 0, 0: (7.52, 7.52): 0.113
9, 0, 0, 174, 427, 50, 47, 26, 12: (7.44, 0.00): 0.131
9, 0, 0, 174, 421, 50, 47, 24, 24: (7.44, 0.00): 0.116
20, 10, 14, 174, 199, 0, 0, 0, 0: (6.91, 7.52): 0.106
20, 0, 12, 333, 362, 105, 0, 0, 0: (6.25, 6.25): 0.123
20, 0, 12, 333, 677, 105, 48, 0, 0: (6.47, 6.47): 0.115
20, 0, 0, 333, 926, 105, 48, 83, 51: (6.15, 0.00): 0.163
20, 0, 0, 333, 878, 105, 48, 67, 67: (6.15, 0.00): 0.139
30, 20, 24, 174, 199, 0, 0, 0, 0: (6.71, 7.52): 0.101
30, 0, 20, 506, 583, 186, 0, 0, 0: (5.61, 5.61): 0.135
30, 0, 20, 358, 730, 114, 48, 0, 0: (5.82, 5.82): 0.112
30, 0, 0, 717, 1694, 217, 52, 121, 79: (5.44, 0.00): 0.163
30, 0, 0, 717, 1592, 217, 52, 87, 87: (5.44, 0.00): 0.144
