10, 1, 0, 156, 244, 0, 0, 0, 0: (4.38, 4.47): 0.119
10, 0, 0, 246, 388, 13, 0, 0, 0: (4.36, 4.36): 0.115
10, 0, 0, 246, 427, 13, 0, 0, 0: (4.36, 4.36): 0.103
10, 0, 0, 246, 430, 13, 0, 1, 0: (4.36, 0.00): 0.105
10, 0, 0, 246, 430, 13, 0, 1, 1: (4.36, 0.00): 0.101
20, 5, 5, 689, 1122, 0, 0, 0, 0: (3.84, 3.93): 0.148
20, 0, 2, 740, 1207, 72, 0, 0, 0: (3.62, 3.62): 0.115
20, 0, 2, 740, 1423, 72, 4, 0, 0: (3.62, 3.62): 0.106
20, 0, 0, 740, 1435, 72, 4, 4, 2: (3.61, 0.00): 0.112
20, 0, 0, 740, 1435, 72, 4, 4, 4: (3.61, 0.00): 0.122
30, 9, 9, 740, 1207, 0, 0, 0, 0: (3.46, 3.56): 0.127
30, 0, 2, 740, 1207, 72, 0, 0, 0: (3.25, 3.25): 0.129
30, 0, 2, 740, 1423, 72, 4, 0, 0: (3.25, 3.25): 0.133
30, 0, 0, 740, 1441, 72, 4, 6, 3: (3.24, 0.00): 0.133
30, 0, 0, 740, 1441, 72, 4, 6, 6: (3.24, 0.00): 0.13
