10, 0, 3, 32, 57, 0, 0, 0, 0: (6.76, 6.76): 0.122
10, 0, 3, 32, 57, 12, 0, 0, 0: (6.76, 6.76): 0.122
10, 0, 3, 32, 93, 12, 0, 0, 0: (6.76, 6.76): 0.123
10, 0, 0, 32, 108, 12, 0, 5, 3: (6.64, 0.00): 0.125
10, 0, 0, 32, 108, 12, 0, 5, 5: (6.64, 0.00): 0.124
20, 4, 10, 76, 123, 0, 0, 0, 0: (5.99, 6.30): 0.125
20, 0, 10, 201, 230, 79, 0, 0, 0: (5.89, 5.89): 0.134
20, 0, 10, 94, 312, 53, 3, 0, 0: (5.95, 5.95): 0.113
19, 0, 0, 449, 900, 145, 6, 22, 13: (5.63, 0.00): 0.139
19, 0, 0, 449, 900, 145, 6, 22, 22: (5.63, 0.00): 0.115
30, 13, 20, 76, 123, 0, 0, 0, 0: (5.50, 6.21): 0.106
30, 0, 19, 483, 421, 156, 0, 0, 0: (5.07, 5.07): 0.115
30, 0, 18, 449, 834, 145, 6, 0, 0: (5.26, 5.26): 0.111
30, 0, 0, 1521, 2382, 418, 6, 33, 30: (4.65, 0.00): 0.192
30, 0, 0, 1521, 2376, 418, 6, 31, 28: (4.65, 0.00): 0.124
