10, 3, 5, 263, 314, 0, 0, 0, 0: (4.99, 5.16): 0.125
10, 0, 2, 422, 473, 50, 0, 0, 0: (4.79, 4.79): 0.115
10, 0, 4, 263, 422, 36, 6, 0, 0: (4.86, 4.86): 0.108
10, 0, 0, 263, 443, 36, 6, 7, 4: (4.74, 0.00): 0.108
10, 0, 0, 263, 443, 36, 6, 7, 7: (4.74, 0.00): 0.105
20, 3, 5, 285, 347, 0, 0, 0, 0: (4.46, 4.43): 0.104
20, 0, 2, 422, 473, 50, 0, 0, 0: (4.36, 4.36): 0.117
20, 0, 4, 422, 623, 50, 9, 0, 0: (4.39, 4.39): 0.125
20, 0, 0, 288, 494, 36, 6, 12, 6: (4.33, 0.00): 0.125
20, 0, 0, 288, 494, 36, 6, 12, 12: (4.33, 0.00): 0.122
30, 7, 9, 422, 473, 0, 0, 0, 0: (4.27, 4.29): 0.118
30, 0, 2, 422, 473, 50, 0, 0, 0: (4.15, 4.15): 0.123
30, 0, 4, 422, 623, 50, 9, 0, 0: (4.19, 4.19): 0.123
30, 0, 0, 422, 680, 50, 9, 19, 8: (4.15, 0.00): 0.127
30, 0, 0, 422, 680, 50, 9, 19, 19: (4.15, 0.00): 0.126
