10, 0, 1, 268, 333, 0, 0, 0, 0: (6.52, 6.52): 0.139
10, 0, 1, 268, 333, 68, 0, 0, 0: (6.52, 6.52): 0.124
10, 0, 1, 268, 537, 68, 9, 0, 0: (6.52, 6.52): 0.124
10, 0, 0, 268, 567, 68, 9, 10, 2: (6.49, 0.00): 0.122
10, 0, 0, 268, 567, 68, 9, 10, 10: (6.49, 0.00): 0.126
20, 4, 7, 315, 396, 0, 0, 0, 0: (5.70, 5.90): 0.126
20, 0, 5, 394, 495, 112, 0, 0, 0: (5.57, 5.57): 0.128
20, 0, 5, 394, 831, 112, 9, 0, 0: (5.58, 5.58): 0.121
20, 0, 0, 394, 885, 112, 9, 18, 7: (5.52, 0.00): 0.118
20, 0, 0, 394, 885, 112, 9, 18, 18: (5.52, 0.00): 0.112
30, 8, 15, 397, 498, 0, 0, 0, 0: (5.17, 5.44): 0.109
30, 0, 11, 564, 632, 141, 0, 0, 0: (4.99, 4.99): 0.115
30, 0, 11, 564, 1055, 141, 9, 0, 0: (5.02, 5.02): 0.112
30, 0, 0, 764, 1456, 188, 12, 31, 15: (4.92, 0.00): 0.116
30, 0, 0, 764, 1456, 188, 12, 31, 31: (4.92, 0.00): 0.117
