10, 0, 4, 367, 424, 0, 0, 0, 0: (5.55, 5.55): 0.129
10, 0, 4, 367, 424, 106, 0, 0, 0: (5.55, 5.55): 0.111
10, 0, 4, 367, 742, 106, 6, 0, 0: (5.55, 5.55): 0.112
10, 0, 0, 367, 778, 106, 6, 12, 7: (5.38, 0.00): 0.118
10, 0, 0, 367, 778, 106, 6, 12, 12: (5.38, 0.00): 0.121
20, 5, 11, 394, 445, 0, 0, 0, 0: (4.88, 5.13): 0.13
20, 0, 8, 594, 656, 169, 0, 0, 0: (4.81, 4.81): 0.124
20, 0, 7, 397, 784, 112, 6, 0, 0: (4.85, 4.85): 0.112
18, 0, 0, 594, 1259, 169, 9, 32, 14: (4.77, 0.00): 0.119
19, 0, 0, 594, 1250, 169, 9, 29, 23: (4.71, 0.00): 0.116
30, 15, 21, 394, 445, 0, 0, 0, 0: (4.63, 5.13): 0.109
29, 0, 14, 650, 707, 169, 0, 0, 0: (4.23, 4.23): 0.114
30, 0, 15, 650, 1214, 169, 9, 0, 0: (4.39, 4.39): 0.113
29, 0, 0, 650, 1313, 169, 9, 33, 24: (4.15, 0.00): 0.117
29, 0, 0, 650, 1304, 169, 9, 30, 21: (4.15, 0.00): 0.114
