10, 0, 1, 144, 205, 0, 0, 0, 0: (6.59, 6.59): 0.116
10, 0, 1, 144, 205, 48, 0, 0, 0: (6.59, 6.59): 0.105
10, 0, 1, 144, 349, 48, 8, 0, 0: (6.59, 6.59): 0.107
10, 0, 0, 144, 370, 48, 8, 7, 3: (6.50, 0.00): 0.107
10, 0, 0, 144, 370, 48, 8, 7, 7: (6.50, 0.00): 0.104
20, 4, 8, 233, 281, 0, 0, 0, 0: (5.71, 5.91): 0.105
20, 0, 6, 469, 506, 108, 0, 0, 0: (5.60, 5.60): 0.127
20, 0, 6, 469, 830, 108, 16, 0, 0: (5.62, 5.62): 0.126
20, 0, 0, 310, 647, 83, 13, 13, 7: (5.50, 0.00): 0.126
20, 0, 0, 310, 647, 83, 13, 13, 13: (5.50, 0.00): 0.125
30, 6, 11, 341, 405, 0, 0, 0, 0: (5.28, 5.39): 0.12
30, 0, 6, 469, 506, 108, 0, 0, 0: (5.17, 5.17): 0.114
30, 0, 6, 469, 830, 108, 16, 0, 0: (5.19, 5.19): 0.12
30, 0, 0, 371, 790, 98, 13, 20, 12: (5.11, 0.00): 0.117
30, 0, 0, 371, 790, 98, 13, 20, 20: (5.11, 0.00): 0.12
