10, 0, 4, 227, 228, 0, 0, 0, 0: (6.66, 6.66): 0.119
10, 0, 4, 227, 228, 52, 0, 0, 0: (6.66, 6.66): 0.108
10, 0, 4, 227, 384, 52, 7, 0, 0: (6.66, 6.66): 0.107
9, 0, 0, 228, 434, 52, 7, 16, 5: (6.33, 0.00): 0.107
9, 0, 0, 228, 434, 52, 7, 16, 11: (6.33, 0.00): 0.102
20, 9, 14, 228, 230, 0, 0, 0, 0: (5.91, 6.52): 0.114
20, 0, 6, 586, 612, 169, 0, 0, 0: (5.73, 5.73): 0.15
20, 0, 10, 534, 968, 146, 13, 0, 0: (5.86, 5.86): 0.132
20, 0, 0, 652, 1400, 197, 14, 40, 14: (5.24, 0.00): 0.142
20, 0, 0, 652, 1400, 197, 14, 40, 26: (5.24, 0.00): 0.132
30, 11, 17, 586, 612, 0, 0, 0, 0: (5.57, 5.80): 0.123
30, 0, 12, 652, 689, 197, 0, 0, 0: (5.17, 5.17): 0.115
30, 0, 14, 652, 1280, 197, 14, 0, 0: (5.35, 5.35): 0.111
29, 0, 0, 787, 1578, 212, 16, 57, 21: (4.64, 0.00): 0.121
30, 0, 0, 787, 1578, 212, 16, 57, 23: (4.56, 0.00): 0.118
