10, 0, 4, 125, 148, 0, 0, 0, 0: (6.93, 6.93): 0.196
10, 0, 4, 125, 148, 37, 0, 0, 0: (6.93, 6.93): 0.138
10, 0, 4, 125, 259, 37, 6, 0, 0: (6.93, 6.93): 0.142
10, 0, 0, 125, 352, 37, 6, 31, 11: (6.57, 6.57): 0.205
10, 0, 0, 125, 352, 37, 6, 31, 27: (6.57, 6.57): 0.181
20, 9, 14, 125, 148, 0, 0, 0, 0: (6.24, 6.80): 0.124
20, 0, 13, 130, 155, 39, 0, 0, 0: (5.95, 5.95): 0.133
20, 0, 13, 125, 259, 37, 6, 0, 0: (6.17, 6.17): 0.143
19, 1, 0, 606, 1347, 202, 21, 61, 21: (5.47, 5.51): 0.361
19, 1, 0, 606, 1353, 202, 21, 63, 26: (5.47, 5.51): 0.263
30, 18, 24, 125, 148, 0, 0, 0, 0: (6.01, 6.70): 0.117
30, 0, 23, 233, 283, 89, 0, 0, 0: (5.37, 5.37): 0.131
30, 0, 23, 186, 432, 68, 11, 0, 0: (5.58, 5.58): 0.138
22, 1, 0, 1071, 1879, 269, 26, 72, 22: (5.14, 5.15): 0.275
22, 1, 0, 1071, 1885, 269, 26, 74, 24: (5.14, 5.15): 0.23
