Top-k, (AvgResultRelev, AvgResultRelev/ResultRelevs[0], AvgResultDiss) numOfKNListsRead, numOfNKMapLookups, numOfAnswerTreesExplored, elapseTime, 
BlinkSearcher, 5, 7.54483, 0.94419, 0.65000, 2791, 4371, 1404, 0.211172377, 
BlinkSearcher, 5, 7.54483, 0.94419, 0.65000, 2791, 4371, 1404, 0.122294552, 
ExhustiveSearcher, 5, 7.51939, 0.94100, 0.85000, 2800, 4382, 1407, 0.073716291, 55, 32, 55, 
Astar1, 5, 7.51939, 0.94100, 0.85000, 2800, 4382, 1407, 0.06485047, 33, 11, 2 13, 
Astar2, 5, 7.51939, 0.94100, 0.85000, 2800, 4382, 1407, 0.064317408, 33, 11, 2 13, 
BlinkSearcher, 10, 7.27566, 0.91050, 0.80667, 4944, 8223, 2967, 0.175662339, 
ExhustiveSearcher, 10, 7.27566, 0.91050, 0.80667, 4944, 8223, 2967, 0.094757072, 1023, 1022, 1023, 
Astar1, 10, 7.27566, 0.91050, 0.80667, 4944, 8223, 2967, 0.086630155, 56, 11, 1 45, 
Astar2, 10, 7.27566, 0.91050, 0.80667, 4944, 8223, 2967, 0.08183151, 56, 11, 1 45, 
BlinkSearcher, 15, 7.07755, 0.88571, 0.84857, 5079, 8435, 3031, 0.129218547, 
ExhustiveSearcher, 15, 7.07755, 0.88571, 0.84857, 5079, 8435, 3031, 0.7122849, 32767, 32766, 32767, 
Astar1, 15, 7.07755, 0.88571, 0.84857, 5079, 8435, 3031, 0.12322234, 121, 16, 1 105, 
Astar2, 15, 7.07755, 0.88571, 0.84857, 5079, 8435, 3031, 0.119181393, 121, 16, 1 105, 
BlinkSearcher, 20, 6.95973, 0.87096, 0.81421, 5079, 8435, 3031, 0.151067064, 
Astar1, 20, 6.95973, 0.87096, 0.81421, 5079, 8435, 3031, 0.092718898, 211, 21, 1 190, 
Astar2, 20, 6.95973, 0.87096, 0.81421, 5079, 8435, 3031, 0.088339434, 211, 21, 1 190, 
