Top-k, (AvgResultRelev, AvgResultRelev/ResultRelevs[0], AvgResultDiss) numOfKNListsRead, numOfNKMapLookups, numOfAnswerTreesExplored, elapseTime, 
BlinkSearcher, 5, 6.58576, 0.90718, 0.55000, 1352, 2365, 951, 0.285516823, 
BlinkSearcher, 5, 6.58576, 0.90718, 0.55000, 1352, 2365, 951, 0.089823747, 
ExhustiveSearcher, 5, 6.45145, 0.88868, 0.81000, 1352, 2365, 951, 0.149882028, 87, 35, 87, 
Astar1, 5, 6.45145, 0.88868, 0.81000, 1352, 2365, 951, 0.112192924, 52, 18, 3 16, 
Astar2, 5, 6.45145, 0.88868, 0.81000, 1352, 2365, 951, 0.088754607, 52, 18, 3 16, 
BlinkSearcher, 10, 6.30445, 0.86843, 0.65778, 1373, 2395, 958, 0.102412352, 
ExhustiveSearcher, 10, 6.18962, 0.85261, 0.80667, 6882, 12074, 4398, 0.991251944, 95342, 95319, 95266, 
Astar1, 10, 6.18962, 0.85261, 0.80667, 6882, 12074, 4398, 0.30540494, 21586, 3238, 23 1673, 
Astar2, 10, 6.18962, 0.85261, 0.80667, 6882, 12074, 4398, 0.198124692, 6316, 3241, 23 722, 
BlinkSearcher, 15, 6.11302, 0.84206, 0.64762, 2437, 4280, 1605, 0.093776029, 
ExhustiveSearcher, 15, 6.03992, 0.83199, 0.81429, 7218, 12592, 4557, 14.183679591, 1727407, 1727373, 1726183, 
Astar1, 15, 6.03992, 0.83199, 0.81429, 7218, 12592, 4557, 1.019416045, 60880, 8779, 19 5501, 
Astar2, 15, 6.03992, 0.83199, 0.81429, 7218, 12592, 4557, 1.070335533, 60880, 8779, 19 5501, 
BlinkSearcher, 20, 5.97411, 0.82293, 0.73421, 6804, 11946, 4356, 0.166654763, 
Astar1, 20, 5.93089, 0.81697, 0.80684, 7377, 12878, 4671, 1.515986883, 42491, 7477, 19 4830, 
Astar2, 20, 5.93089, 0.81697, 0.80684, 7377, 12878, 4671, 0.975773554, 20730, 7467, 19 3571, 
