Top-k, (AvgResultRelev, AvgResultRelev/ResultRelevs[0], AvgResultDiss) numOfKNListsRead, numOfNKMapLookups, numOfAnswerTreesExplored, elapseTime, 
BlinkSearcher, 5, 7.28974, 0.94195, 0.38000, 895, 1475, 532, 0.126051159, 
BlinkSearcher, 5, 7.28974, 0.94195, 0.38000, 895, 1475, 532, 0.070013745, 
ExhustiveSearcher, 5, 7.12442, 0.92059, 0.84000, 3287, 5594, 2188, 0.162593352, 833, 71, 833, 
Astar1, 5, 7.12442, 0.92059, 0.84000, 3287, 5594, 2188, 0.080028382, 581, 187, 12 65, 
Astar2, 5, 7.12442, 0.92059, 0.84000, 3287, 5594, 2188, 0.077399176, 581, 187, 12 65, 
BlinkSearcher, 10, 6.84342, 0.88428, 0.43556, 1770, 2965, 1101, 0.07799988, 
ExhustiveSearcher, 10, 6.77772, 0.87579, 0.81111, 6536, 11161, 4560, 6.00013831, 639943, 639783, 558348, 
Astar1, 10, 6.77772, 0.87579, 0.81111, 6536, 11161, 4560, 1.094529703, 55953, 12140, 41 2906, 
Astar2, 10, 6.77772, 0.87579, 0.81111, 6536, 11161, 4560, 0.606882198, 22498, 12109, 41 1791, 
BlinkSearcher, 15, 6.65151, 0.85948, 0.40000, 2603, 4458, 1752, 0.086109081, 
ExhustiveSearcher, 15, 6.59074, 0.85163, 0.80381, 6659, 11331, 4614, 389.335172017, 49553215, 49553173, 49402586, 
Astar1, 15, 6.59074, 0.85163, 0.80095, 6659, 11331, 4614, 54.604430237, 3299798, 514874, 37 228560, 
Astar2, 15, 6.59074, 0.85163, 0.80095, 6659, 11331, 4614, 54.129975047, 3299798, 514874, 37 228560, 
BlinkSearcher, 20, 6.55555, 0.84708, 0.44737, 4884, 8323, 3312, 0.118420576, 
BlinkSearcher, 20, 6.55555, 0.84708, 0.44737, 4884, 8323, 3312, 0.232115121, 
Astar1, 20, 6.47404, 0.83655, 0.80105, 8615, 14541, 5904, 3975.77954529, 135079808, 16655133, 53 11796394, 
Astar2, 20, 6.47404, 0.83655, 0.80105, 8615, 14541, 5904, 3386.993156809, 102390338, 16655135, 53 11796394, 
