Top-k, (AvgResultRelev, AvgResultRelev/ResultRelevs[0], AvgResultDiss) numOfKNListsRead, numOfNKMapLookups, numOfAnswerTreesExplored, elapseTime, 
BlinkSearcher, 5, 8.03382, 0.97072, 0.62000, 1989, 3208, 1001, 0.151859565, 
BlinkSearcher, 5, 8.03382, 0.97072, 0.62000, 1989, 3208, 1001, 0.084501118, 
ExhustiveSearcher, 5, 7.94281, 0.95973, 0.82000, 4537, 7748, 2430, 0.164573011, 312, 306, 312, 
Astar1, 5, 7.94281, 0.95973, 0.82000, 4537, 7748, 2430, 0.085914458, 606, 151, 11 86, 
Astar2, 5, 7.94281, 0.95973, 0.82000, 4537, 7748, 2430, 0.085738854, 321, 151, 11 50, 
BlinkSearcher, 10, 7.86918, 0.95083, 0.51111, 2546, 4118, 1312, 0.090233417, 
ExhustiveSearcher, 10, 7.69357, 0.92961, 0.80000, 8163, 14130, 4434, 0.61269835, 52258, 52224, 52244, 
Astar1, 10, 7.69357, 0.92961, 0.80000, 8163, 14130, 4434, 2.289694249, 222733, 25199, 30 12528, 
Astar2, 10, 7.69357, 0.92961, 0.80000, 8163, 14130, 4434, 1.013607721, 44468, 25199, 30 5015, 
BlinkSearcher, 15, 7.73988, 0.93521, 0.60190, 4537, 7748, 2430, 0.128406449, 
ExhustiveSearcher, 15, 7.54402, 0.91154, 0.80286, 8382, 14457, 4501, 428.902084383, 37271536, 37271476, 36199542, 
Astar1, 15, 7.54402, 0.91154, 0.80286, 8382, 14457, 4501, 38.971806041, 2274552, 300018, 35 151312, 
Astar2, 15, 7.54402, 0.91154, 0.80095, 8382, 14457, 4501, 27.578130268, 1115567, 300018, 35 151312, 
BlinkSearcher, 20, 7.58132, 0.91605, 0.66632, 4546, 7763, 2433, 0.12373599, 
Astar1, 20, 7.42047, 0.89661, 0.80158, 11706, 20276, 6500, 472.093232989, 23556466, 2271266, 32 2487153, 
Astar2, 20, 7.42047, 0.89661, 0.80158, 11706, 20276, 6500, 277.696959609, 9483110, 2271261, 32 2071639, 
