Top-k, (AvgResultRelev, AvgResultRelev/ResultRelevs[0], AvgResultDiss) numOfKNListsRead, numOfNKMapLookups, numOfAnswerTreesExplored, elapseTime, 
BlinkSearcher, 5, 7.73462, 0.95051, 0.65000, 997, 1704, 514, 0.106806993, 
BlinkSearcher, 5, 7.73462, 0.95051, 0.65000, 997, 1704, 514, 0.089633863, 
ExhustiveSearcher, 5, 7.73264, 0.95027, 0.83000, 4393, 7742, 2205, 0.149248792, 264, 258, 263, 
Astar1, 5, 7.73264, 0.95027, 0.83000, 4393, 7742, 2205, 0.073483791, 235, 56, 8 38, 
Astar2, 5, 7.73264, 0.95027, 0.83000, 4393, 7742, 2205, 0.074336858, 202, 56, 8 34, 
BlinkSearcher, 10, 7.59064, 0.93282, 0.62222, 2437, 4301, 1222, 0.079801942, 
ExhustiveSearcher, 10, 7.58467, 0.93208, 0.80000, 4409, 7768, 2211, 0.145726314, 12282, 12270, 12274, 
Astar1, 10, 7.58467, 0.93208, 0.80667, 4409, 7768, 2211, 0.098278788, 2562, 704, 10 344, 
Astar2, 10, 7.58467, 0.93208, 0.80667, 4409, 7768, 2211, 0.087458544, 1260, 733, 10 178, 
BlinkSearcher, 15, 7.53535, 0.92602, 0.69524, 4396, 7746, 2206, 0.108140829, 
ExhustiveSearcher, 15, 7.51369, 0.92336, 0.80095, 4409, 7768, 2211, 3.517515358, 491259, 491244, 491259, 
Astar1, 15, 7.51369, 0.92336, 0.80095, 4409, 7768, 2211, 0.261916493, 10513, 2393, 6 3980, 
Astar2, 15, 7.51369, 0.92336, 0.80095, 4409, 7768, 2211, 0.166662101, 6492, 2309, 6 3119, 
BlinkSearcher, 20, 7.47511, 0.91862, 0.74789, 4409, 7768, 2211, 0.109490766, 
Astar1, 20, 7.40467, 0.90996, 0.80105, 8087, 14108, 4272, 3238.600926325, 112529877, 2648807, 210 1038228, 
Astar2, 20, 7.40467, 0.90996, 0.80368, 8087, 14108, 4272, 1525.520486529, 2847585, 2648817, 210 53629, 
