Top-k, (AvgResultRelev, AvgResultRelev/ResultRelevs[0], AvgResultDiss) numOfKNListsRead, numOfNKMapLookups, numOfAnswerTreesExplored, elapseTime, 
BlinkSearcher, 5, 7.46615, 0.87480, 0.60000, 251, 213, 33, 0.092361325, 
BlinkSearcher, 5, 7.46615, 0.87480, 0.60000, 251, 213, 33, 0.061237882, 
ExhustiveSearcher, 5, 7.16831, 0.83991, 0.81000, 287, 251, 46, 0.075566717, 109, 93, 86, 
Astar1, 5, 7.16831, 0.83991, 0.81000, 287, 251, 46, 0.076303307, 439, 108, 12 59, 
Astar2, 5, (no result) 354836, 294434, 86371, 5.981253006, 259268, 259136, 86368 30, 
BlinkSearcher, 10, 7.03994, 0.82487, 0.72444, 269, 234, 42, 0.051471994, 
ExhustiveSearcher, 10, 6.98984, 0.81900, 0.80667, 287, 251, 46, 0.130036636, 7408, 7388, 7321, 
Astar1, 10, 6.98984, 0.81900, 0.80444, 287, 251, 46, 0.073275895, 2024, 475, 7 450, 
Astar2, 10, 6.98984, 0.81900, 0.80444, 287, 251, 46, 0.063125111, 2024, 475, 7 450, 
BlinkSearcher, 15, 6.82775, 0.80000, 0.79524, 278, 244, 46, 0.050763436, 
ExhustiveSearcher, 15, 6.82429, 0.79960, 0.80190, 452, 381, 58, 1.26073891, 65489, 65452, 65454, 
Astar1, 15, 6.82429, 0.79960, 0.80190, 452, 381, 58, 0.1241516, 2328, 445, 7 431, 
Astar2, 15, 6.82429, 0.79960, 0.80190, 452, 381, 58, 0.106783093, 962, 446, 7 376, 
BlinkSearcher, 20, 6.62017, 0.77568, 0.77684, 416, 349, 52, 0.079300798, 
Astar1, 20, 6.64020, 0.77803, 0.81789, 813, 731, 131, 0.077228177, 3105, 195, 14 330, 
Astar2, 20, 6.64020, 0.77803, 0.81789, 813, 731, 131, 0.070228125, 3105, 195, 14 330, 
