Top-k, (AvgResultRelev, AvgResultRelev/ResultRelevs[0], AvgResultDiss) numOfKNListsRead, numOfNKMapLookups, numOfAnswerTreesExplored, elapseTime, 
BlinkSearcher, 5, 7.08223, 0.86213, 0.55000, 1184, 1670, 425, 0.099370325, 
BlinkSearcher, 5, 7.08223, 0.86213, 0.55000, 1184, 1670, 425, 0.068943717, 
ExhustiveSearcher, 5, 6.61777, 0.80559, 0.81000, 7225, 9767, 2206, 0.20991606, 129, 123, 129, 
Astar1, 5, 6.61777, 0.80559, 0.81000, 7225, 9767, 2206, 0.138880467, 20831, 898, 76 546, 
Astar2, 5, 6.61777, 0.80559, 0.81000, 7225, 9767, 2206, 0.094365563, 989, 898, 76 31, 
BlinkSearcher, 10, 6.43024, 0.78276, 0.63556, 2513, 3556, 933, 0.09066692, 
ExhustiveSearcher, 10, 6.30560, 0.76759, 0.80222, 16262, 20834, 5044, 321.226857662, 22907066, 22907012, 22894101, 
Astar1, 10, 6.30560, 0.76759, 0.80222, 16262, 20834, 5044, 489.357757259, 12824273, 841926, 280 101240, 
Astar2, 10, 6.30560, 0.76759, 0.80222, 16262, 20834, 5044, 308.528846287, 1011243, 843222, 280 12095, 
