Top-k, (AvgResultRelev, AvgResultRelev/ResultRelevs[0], AvgResultDiss) numOfKNListsRead, numOfNKMapLookups, numOfAnswerTreesExplored, elapseTime, 
BlinkSearcher, 5, 6.75715, 0.91955, 0.35000, 1971, 2481, 507, 0.228187905, 
BlinkSearcher, 5, 6.75715, 0.91955, 0.35000, 1971, 2481, 507, 0.098658155, 
ExhustiveSearcher, 5, 6.28485, 0.85527, 0.82000, 4112, 5532, 1436, 0.192476807, 2953, 2946, 2953, 
Astar1, 5, 6.28485, 0.85527, 0.82000, 4112, 5532, 1436, 0.134653873, 3278, 1046, 21 282, 
Astar2, 5, 6.28485, 0.85527, 0.82000, 4112, 5532, 1436, 0.097382199, 2491, 1046, 21 211, 
BlinkSearcher, 10, 6.42333, 0.87412, 0.49778, 3951, 5304, 1363, 0.118906909, 
ExhustiveSearcher, 10, 6.11187, 0.83173, 0.80444, 7222, 9729, 2557, 245.99524265, 20848371, 20848325, 20837485, 
Astar1, 10, 6.11187, 0.83173, 0.80444, 7222, 9729, 2557, 2043.100723756, 103011095, 3222916, 325 595566, 
Astar2, 10, 6.11187, 0.83173, 0.80444, 7222, 9729, 2557, 894.002488132, 4535649, 3222916, 325 215301, 
