Top-k, (AvgResultRelev, AvgResultRelev/ResultRelevs[0], AvgResultDiss) numOfKNListsRead, numOfNKMapLookups, numOfAnswerTreesExplored, elapseTime, 
BlinkSearcher, 5, 7.40757, 0.89774, 0.45000, 1746, 2870, 938, 0.221874663, 
BlinkSearcher, 5, 7.40757, 0.89774, 0.45000, 1746, 2870, 938, 0.084630982, 
ExhustiveSearcher, 5, 7.38856, 0.89544, 0.51000, 1773, 2915, 953, 0.094875466, 110, 41, 110, 
Astar1, 5, 7.38856, 0.89544, 0.51000, 1773, 2915, 953, 0.07845701, 58, 19, 3 18, 
Astar2, 5, 7.38856, 0.89544, 0.51000, 1773, 2915, 953, 0.067032695, 58, 19, 3 18, 
BlinkSearcher, 10, 7.05933, 0.85554, 0.41556, 1773, 2915, 953, 0.073464593, 
ExhustiveSearcher, 10, 7.04972, 0.85437, 0.50667, 1773, 2915, 953, 0.252978985, 26396, 26373, 26387, 
Astar1, 10, 7.04972, 0.85437, 0.50667, 1773, 2915, 953, 0.082405916, 1750, 339, 11 239, 
Astar2, 10, 7.04972, 0.85437, 0.50667, 1773, 2915, 953, 0.078130493, 828, 341, 11 141, 
BlinkSearcher, 15, 6.90707, 0.83708, 0.34286, 1773, 2915, 953, 0.079611522, 
ExhustiveSearcher, 15, 6.89427, 0.83553, 0.50095, 1790, 2939, 958, 2.198371573, 260456, 260428, 260029, 
Astar1, 15, 6.89427, 0.83553, 0.50667, 1790, 2939, 958, 0.14703709, 3656, 637, 12 646, 
Astar2, 15, 6.89427, 0.83553, 0.51238, 1790, 2939, 958, 0.134075694, 2608, 566, 12 350, 
BlinkSearcher, 20, 6.81234, 0.82560, 0.48526, 1773, 2915, 953, 0.114374388, 
ExhustiveSearcher, 20, 6.81234, 0.82560, 0.50842, 1790, 2939, 958, 35.206903168, 2097152, 2097128, 2097137, 
Astar1, 20, 6.81234, 0.82560, 0.50368, 1790, 2939, 958, 0.134385765, 1308, 147, 5 366, 
Astar2, 20, 6.81234, 0.82560, 0.50368, 1790, 2939, 958, 0.112032062, 1308, 147, 5 366, 
