Top-k, (AvgResultRelev, AvgResultRelev/ResultRelevs[0], AvgResultDiss) numOfKNListsRead, numOfNKMapLookups, numOfAnswerTreesExplored, elapseTime, 
BlinkSearcher, 5, 7.54483, 0.94419, 0.65000, 2791, 4371, 1404, 0.254753143, 
BlinkSearcher, 5, 7.54483, 0.94419, 0.65000, 2791, 4371, 1404, 0.12502008, 
ExhustiveSearcher, 5, 7.54483, 0.94419, 0.65000, 2791, 4371, 1404, 0.104790477, 31, 30, 31, 
Astar1, 5, 7.54483, 0.94419, 0.65000, 2791, 4371, 1404, 0.108713845, 16, 6, 1 10, 
Astar2, 5, 7.54483, 0.94419, 0.65000, 2791, 4371, 1404, 0.102637968, 16, 6, 1 10, 
BlinkSearcher, 10, 7.27566, 0.91050, 0.80667, 4944, 8223, 2967, 0.196761724, 
ExhustiveSearcher, 10, 7.27566, 0.91050, 0.80667, 4944, 8223, 2967, 0.139653383, 1023, 1022, 1023, 
Astar1, 10, 7.27566, 0.91050, 0.80667, 4944, 8223, 2967, 0.155251197, 56, 11, 1 45, 
Astar2, 10, 7.27566, 0.91050, 0.80667, 4944, 8223, 2967, 0.103406643, 56, 11, 1 45, 
BlinkSearcher, 15, 7.07755, 0.88571, 0.84857, 5079, 8435, 3031, 0.124743255, 
ExhustiveSearcher, 15, 7.07755, 0.88571, 0.84857, 5079, 8435, 3031, 0.828453578, 32767, 32766, 32767, 
Astar1, 15, 7.07755, 0.88571, 0.84857, 5079, 8435, 3031, 0.122235009, 121, 16, 1 105, 
Astar2, 15, 7.07755, 0.88571, 0.84857, 5079, 8435, 3031, 0.123383889, 121, 16, 1 105, 
BlinkSearcher, 20, 6.95973, 0.87096, 0.81421, 5079, 8435, 3031, 0.152925934, 
ExhustiveSearcher, 20, 6.95973, 0.87096, 0.81421, 5079, 8435, 3031, 23.38101082, 1048575, 1048574, 1048575, 
Astar1, 20, 6.95973, 0.87096, 0.81421, 5079, 8435, 3031, 0.14322244, 211, 21, 1 190, 
Astar2, 20, 6.95973, 0.87096, 0.81421, 5079, 8435, 3031, 0.109941075, 211, 21, 1 190, 
