Top-k, (AvgResultRelev, AvgResultRelev/ResultRelevs[0], AvgResultDiss) numOfKNListsRead, numOfNKMapLookups, numOfAnswerTreesExplored, elapseTime, 
BlinkSearcher, 5, 6.58576, 0.90718, 0.55000, 1352, 2365, 951, 0.258769198, 
BlinkSearcher, 5, 6.58576, 0.90718, 0.55000, 1352, 2365, 951, 0.081928687, 
ExhustiveSearcher, 5, 6.58576, 0.90718, 0.55000, 1352, 2365, 951, 0.084100035, 31, 30, 31, 
Astar1, 5, 6.58576, 0.90718, 0.55000, 1352, 2365, 951, 0.102457164, 16, 6, 1 10, 
Astar2, 5, 6.58576, 0.90718, 0.55000, 1352, 2365, 951, 0.08632159, 16, 6, 1 10, 
BlinkSearcher, 10, 6.30445, 0.86843, 0.65778, 1373, 2395, 958, 0.097320544, 
ExhustiveSearcher, 10, 6.30445, 0.86843, 0.65778, 1373, 2395, 958, 0.119134913, 1023, 1022, 1023, 
Astar1, 10, 6.30445, 0.86843, 0.65778, 1373, 2395, 958, 0.072706183, 56, 11, 1 45, 
Astar2, 10, 6.30445, 0.86843, 0.65778, 1373, 2395, 958, 0.081842872, 56, 11, 1 45, 
BlinkSearcher, 15, 6.11302, 0.84206, 0.64762, 2437, 4280, 1605, 0.145758548, 
ExhustiveSearcher, 15, 6.11302, 0.84206, 0.64762, 2437, 4280, 1605, 0.787982618, 32767, 32766, 32767, 
Astar1, 15, 6.11302, 0.84206, 0.64762, 2437, 4280, 1605, 0.076769155, 121, 16, 1 105, 
Astar2, 15, 6.11302, 0.84206, 0.64762, 2437, 4280, 1605, 0.073251268, 121, 16, 1 105, 
BlinkSearcher, 20, 5.97411, 0.82293, 0.73421, 6804, 11946, 4356, 0.304328039, 
ExhustiveSearcher, 20, 5.97411, 0.82293, 0.70579, 6804, 11946, 4356, 28.186566767, 1048575, 1048574, 1048575, 
Astar1, 20, 5.97411, 0.82293, 0.70579, 6804, 11946, 4356, 0.208609069, 211, 21, 1 190, 
Astar2, 20, 5.97411, 0.82293, 0.70579, 6804, 11946, 4356, 0.144213774, 211, 21, 1 190, 
