Top-k, (AvgResultRelev, AvgResultRelev/ResultRelevs[0], AvgResultDiss) numOfKNListsRead, numOfNKMapLookups, numOfAnswerTreesExplored, elapseTime, 
BlinkSearcher, 5, 7.28974, 0.94195, 0.38000, 895, 1475, 532, 0.120627327, 
BlinkSearcher, 5, 7.28974, 0.94195, 0.38000, 895, 1475, 532, 0.06137174, 
ExhustiveSearcher, 5, 7.26421, 0.93865, 0.68000, 961, 1578, 565, 0.061478633, 61, 34, 61, 
Astar1, 5, 7.26421, 0.93865, 0.68000, 961, 1578, 565, 0.057350024, 36, 13, 2 14, 
Astar2, 5, 7.26421, 0.93865, 0.68000, 961, 1578, 565, 0.057216412, 36, 13, 2 14, 
BlinkSearcher, 10, 6.84342, 0.88428, 0.43556, 1770, 2965, 1101, 0.118155737, 
ExhustiveSearcher, 10, 6.84342, 0.88428, 0.54444, 2603, 4458, 1752, 0.232031218, 26199, 1399, 26199, 
Astar1, 10, 6.84342, 0.88428, 0.56444, 4884, 8323, 3312, 0.153225166, 1244, 140, 11 157, 
Astar2, 10, 6.84342, 0.88428, 0.56444, 4884, 8323, 3312, 0.088448996, 1244, 140, 11 157, 
BlinkSearcher, 15, 6.65151, 0.85948, 0.40000, 2603, 4458, 1752, 0.091702253, 
ExhustiveSearcher, 15, 6.65151, 0.85948, 0.52190, 6494, 11102, 4544, 2.571530543, 263612, 263589, 259861, 
Astar1, 15, 6.65151, 0.85948, 0.52190, 6494, 11102, 4544, 0.128791863, 1669, 211, 8 666, 
Astar2, 15, 6.65151, 0.85948, 0.52190, 6494, 11102, 4544, 0.104054161, 1669, 211, 8 666, 
BlinkSearcher, 20, 6.55555, 0.84708, 0.44737, 4884, 8323, 3312, 0.122960754, 
ExhustiveSearcher, 20, 6.55393, 0.84687, 0.51421, 6494, 11102, 4544, 75.373969534, 8381623, 8381603, 8381623, 
Astar1, 20, 6.55393, 0.84687, 0.51421, 6494, 11102, 4544, 0.264571186, 7243, 1301, 5 2291, 
Astar2, 20, 6.55393, 0.84687, 0.51421, 6494, 11102, 4544, 0.149019447, 5277, 1286, 5 1859, 
