Top-k, (AvgResultRelev, AvgResultRelev/ResultRelevs[0], AvgResultDiss) numOfKNListsRead, numOfNKMapLookups, numOfAnswerTreesExplored, elapseTime, 
BlinkSearcher, 5, 8.03382, 0.97072, 0.62000, 1989, 3208, 1001, 0.226718768, 
BlinkSearcher, 5, 8.03382, 0.97072, 0.62000, 1989, 3208, 1001, 0.112479618, 
ExhustiveSearcher, 5, 8.03382, 0.97072, 0.62000, 1989, 3208, 1001, 0.101136533, 31, 30, 31, 
Astar1, 5, 8.03382, 0.97072, 0.62000, 1989, 3208, 1001, 0.092745146, 36, 12, 2 14, 
Astar2, 5, 8.03382, 0.97072, 0.62000, 1989, 3208, 1001, 0.074957984, 36, 12, 2 14, 
BlinkSearcher, 10, 7.86918, 0.95083, 0.51111, 2546, 4118, 1312, 0.110352302, 
ExhustiveSearcher, 10, 7.86918, 0.95083, 0.51111, 2546, 4118, 1312, 0.090791014, 1023, 1022, 1023, 
Astar1, 10, 7.86918, 0.95083, 0.51111, 2546, 4118, 1312, 0.077808677, 56, 11, 1 45, 
Astar2, 10, 7.86918, 0.95083, 0.51111, 2546, 4118, 1312, 0.073887436, 56, 11, 1 45, 
BlinkSearcher, 15, 7.73988, 0.93521, 0.60190, 4537, 7748, 2430, 0.182927834, 
ExhustiveSearcher, 15, 7.73988, 0.93521, 0.60190, 4537, 7748, 2430, 0.843175178, 32767, 32766, 32767, 
Astar1, 15, 7.73988, 0.93521, 0.60190, 4537, 7748, 2430, 0.129654301, 121, 16, 1 105, 
Astar2, 15, 7.73988, 0.93521, 0.60190, 4537, 7748, 2430, 0.121952928, 121, 16, 1 105, 
BlinkSearcher, 20, 7.58132, 0.91605, 0.66632, 4546, 7763, 2433, 0.155680078, 
ExhustiveSearcher, 20, 7.58132, 0.91605, 0.66632, 4546, 7763, 2433, 29.119079063, 1048575, 1048574, 1048575, 
Astar1, 20, 7.58132, 0.91605, 0.66632, 4546, 7763, 2433, 0.164075496, 211, 21, 1 190, 
Astar2, 20, 7.58132, 0.91605, 0.66632, 4546, 7763, 2433, 0.126078615, 211, 21, 1 190, 
