Top-k, (AvgResultRelev, AvgResultRelev/ResultRelevs[0], AvgResultDiss) numOfKNListsRead, numOfNKMapLookups, numOfAnswerTreesExplored, elapseTime, 
BlinkSearcher, 5, 7.73462, 0.95051, 0.65000, 997, 1704, 514, 0.114456802, 
BlinkSearcher, 5, 7.73462, 0.95051, 0.65000, 997, 1704, 514, 0.093149984, 
ExhustiveSearcher, 5, 7.73462, 0.95051, 0.65000, 997, 1704, 514, 0.088705057, 31, 30, 31, 
Astar1, 5, 7.73462, 0.95051, 0.65000, 997, 1704, 514, 0.091206935, 16, 6, 1 10, 
Astar2, 5, 7.73462, 0.95051, 0.65000, 997, 1704, 514, 0.066356265, 16, 6, 1 10, 
BlinkSearcher, 10, 7.59064, 0.93282, 0.62222, 2437, 4301, 1222, 0.139172705, 
ExhustiveSearcher, 10, 7.59064, 0.93282, 0.62222, 2437, 4301, 1222, 0.086924129, 1023, 1022, 1023, 
Astar1, 10, 7.59064, 0.93282, 0.62222, 4393, 7742, 2205, 0.182208525, 110, 19, 2 55, 
Astar2, 10, 7.59064, 0.93282, 0.62222, 4393, 7742, 2205, 0.076366614, 110, 19, 2 55, 
BlinkSearcher, 15, 7.53535, 0.92602, 0.69524, 4396, 7746, 2206, 0.11324132, 
ExhustiveSearcher, 15, 7.53535, 0.92602, 0.69048, 4396, 7746, 2206, 0.906134568, 32767, 32766, 32767, 
Astar1, 15, 7.53535, 0.92602, 0.72667, 4396, 7746, 2206, 0.126720541, 581, 68, 4 152, 
Astar2, 15, 7.53535, 0.92602, 0.72667, 4396, 7746, 2206, 0.134228365, 581, 68, 4 152, 
BlinkSearcher, 20, 7.47511, 0.91862, 0.74789, 4409, 7768, 2211, 0.140106563, 
ExhustiveSearcher, 20, 7.47511, 0.91862, 0.74789, 4409, 7768, 2211, 28.169199089, 1048575, 1048574, 1048575, 
Astar1, 20, 7.47511, 0.91862, 0.74789, 4409, 7768, 2211, 0.140599165, 211, 21, 1 190, 
Astar2, 20, 7.47511, 0.91862, 0.74789, 4409, 7768, 2211, 0.113411567, 211, 21, 1 190, 
