Top-k, (AvgResultRelev, AvgResultRelev/ResultRelevs[0], AvgResultDiss) numOfKNListsRead, numOfNKMapLookups, numOfAnswerTreesExplored, elapseTime, 
BlinkSearcher, 5, 7.46615, 0.87480, 0.60000, 251, 213, 33, 0.057694243, 
BlinkSearcher, 5, 7.46615, 0.87480, 0.60000, 251, 213, 33, 0.050982349, 
ExhustiveSearcher, 5, 7.46615, 0.87480, 0.56000, 251, 213, 33, 0.049608352, 31, 30, 31, 
Astar1, 5, 7.46615, 0.87480, 0.56000, 251, 213, 33, 0.049443635, 16, 6, 1 10, 
Astar2, 5, 7.46615, 0.87480, 0.56000, 251, 213, 33, 0.049350947, 16, 6, 1 10, 
BlinkSearcher, 10, 7.03994, 0.82487, 0.72444, 269, 234, 42, 0.051033556, 
ExhustiveSearcher, 10, 7.03994, 0.82487, 0.72444, 269, 234, 42, 0.069029904, 1023, 1022, 1023, 
Astar1, 10, 7.05990, 0.82720, 0.72000, 278, 244, 46, 0.091428993, 123, 20, 3 59, 
Astar2, 10, 7.05990, 0.82720, 0.72000, 278, 244, 46, 0.058574695, 123, 20, 3 59, 
BlinkSearcher, 15, 6.82775, 0.80000, 0.79524, 278, 244, 46, 0.049418925, 
ExhustiveSearcher, 15, 6.82775, 0.80000, 0.79524, 278, 244, 46, 0.637943665, 32767, 32766, 32767, 
Astar1, 15, 6.82775, 0.80000, 0.79524, 287, 251, 46, 0.099396791, 261, 35, 2 120, 
Astar2, 15, 6.82775, 0.80000, 0.79524, 287, 251, 46, 0.083293731, 261, 35, 2 120, 
BlinkSearcher, 20, 6.62017, 0.77568, 0.77684, 416, 349, 52, 0.086091293, 
ExhustiveSearcher, 20, 6.62017, 0.77568, 0.77684, 416, 349, 52, 23.993062092, 1048575, 1048574, 1048575, 
Astar1, 20, 6.64020, 0.77803, 0.81789, 813, 731, 131, 0.118294803, 3105, 195, 14 330, 
Astar2, 20, 6.64020, 0.77803, 0.81789, 813, 731, 131, 0.101903004, 3105, 195, 14 330, 
