Top-k, (AvgResultRelev, AvgResultRelev/ResultRelevs[0], AvgResultDiss) numOfKNListsRead, numOfNKMapLookups, numOfAnswerTreesExplored, elapseTime, 
BlinkSearcher, 5, 6.75715, 0.91955, 0.35000, 1971, 2481, 507, 0.112169898, 
BlinkSearcher, 5, 6.75715, 0.91955, 0.35000, 1971, 2481, 507, 0.068760623, 
ExhustiveSearcher, 5, 6.63353, 0.90272, 0.55000, 4058, 5453, 1411, 0.098283445, 61, 52, 59, 
Astar1, 5, 6.63353, 0.90272, 0.55000, 4058, 5453, 1411, 0.067505573, 1268, 206, 17 114, 
Astar2, 5, 6.63353, 0.90272, 0.55000, 4058, 5453, 1411, 0.066252848, 316, 212, 17 30, 
BlinkSearcher, 10, 6.42333, 0.87412, 0.49778, 3951, 5304, 1363, 0.085860285, 
ExhustiveSearcher, 10, 6.41765, 0.87334, 0.55333, 4055, 5449, 1410, 0.085117497, 2044, 2033, 2044, 
Astar1, 10, 6.41765, 0.87334, 0.55333, 4055, 5449, 1410, 0.074615731, 374, 59, 5 82, 
Astar2, 10, 6.41765, 0.87334, 0.55333, 4055, 5449, 1410, 0.068026578, 219, 59, 5 63, 
BlinkSearcher, 15, 6.26473, 0.85254, 0.49143, 4055, 5449, 1410, 0.090954414, 
ExhustiveSearcher, 15, 6.26473, 0.85254, 0.51429, 4055, 5449, 1410, 0.855681213, 65524, 32771, 65524, 
Astar1, 15, 6.26473, 0.85254, 0.51429, 4058, 5453, 1411, 0.109980404, 408, 50, 3 135, 
Astar2, 15, 6.26473, 0.85254, 0.51429, 4058, 5453, 1411, 0.103152624, 408, 50, 3 135, 
BlinkSearcher, 20, 6.13763, 0.83524, 0.53632, 4058, 5453, 1411, 0.126173766, 
ExhustiveSearcher, 20, 6.13763, 0.83524, 0.53632, 4058, 5453, 1411, 24.658071612, 1048575, 1048574, 1048575, 
Astar1, 20, 6.13763, 0.83524, 0.53632, 4058, 5453, 1411, 0.10981082, 437, 40, 2 210, 
Astar2, 20, 6.13763, 0.83524, 0.53632, 4058, 5453, 1411, 0.103451573, 437, 40, 2 210, 
