Top-k, (AvgResultRelev, AvgResultRelev/ResultRelevs[0], AvgResultDiss) numOfKNListsRead, numOfNKMapLookups, numOfAnswerTreesExplored, elapseTime, 
BlinkSearcher, 5, 7.08223, 0.86213, 0.55000, 1184, 1670, 425, 0.141903201, 
BlinkSearcher, 5, 7.08223, 0.86213, 0.55000, 1184, 1670, 425, 0.098749778, 
ExhustiveSearcher, 5, 7.08223, 0.86213, 0.55000, 1184, 1670, 425, 0.095128965, 31, 30, 31, 
Astar1, 5, 7.08223, 0.86213, 0.55000, 1184, 1670, 425, 0.089593411, 16, 6, 1 10, 
Astar2, 5, 7.08223, 0.86213, 0.55000, 1184, 1670, 425, 0.078222023, 16, 6, 1 10, 
BlinkSearcher, 10, 6.43024, 0.78276, 0.63556, 2513, 3556, 933, 0.11463576, 
ExhustiveSearcher, 10, 6.43024, 0.78276, 0.63556, 2513, 3556, 933, 0.080153602, 1023, 1022, 1023, 
Astar1, 10, 6.43024, 0.78276, 0.63556, 2513, 3556, 933, 0.068151491, 291, 48, 4 78, 
Astar2, 10, 6.43024, 0.78276, 0.63556, 2513, 3556, 933, 0.066601415, 291, 48, 4 78, 
BlinkSearcher, 15, 6.17731, 0.75197, 0.48667, 2513, 3556, 933, 0.080468622, 
ExhustiveSearcher, 15, 6.16827, 0.75087, 0.55619, 2615, 3688, 960, 6.26214951, 1008914, 36197, 1008914, 
Astar1, 15, 6.16827, 0.75087, 0.55619, 2615, 3688, 960, 0.162726494, 5087, 1520, 6 2577, 
Astar2, 15, 6.16827, 0.75087, 0.55619, 2615, 3688, 960, 0.141963111, 5087, 1520, 6 2577, 
BlinkSearcher, 20, 6.04398, 0.73574, 0.45211, 2615, 3688, 960, 0.090684224, 
ExhustiveSearcher, 20, 6.03728, 0.73493, 0.50632, 2615, 3688, 960, 31.494832372, 2097101, 1048586, 2097101, 
Astar1, 20, 6.03728, 0.73493, 0.51737, 2615, 3688, 960, 0.114582274, 1563, 135, 6 290, 
Astar2, 20, 6.03728, 0.73493, 0.51737, 2615, 3688, 960, 0.107671944, 1563, 135, 6 290, 
