Top-k, (AvgResultRelev, AvgResultRelev/ResultRelevs[0], AvgResultDiss) numOfKNListsRead, numOfNKMapLookups, numOfAnswerTreesExplored, numOfStatesCreated, numOfStatesExplored, numOfHeuristicSearchPerformed maxQSize, elapseTime, 
query: [sf, time, travel]
BlinkSearcher, 5, 7.08223, 0.86213, 0.55000, 1184, 1670, 425, 0.206925056, 
ExhustiveSearcher, 5, 6.91771, 0.84210, 0.78000, 1959, 2825, 771, 0.117783808, 102, 38, 102, 
Astar1, 5, 6.91771, 0.84210, 0.78000, 1959, 2825, 771, 0.070195545, 53, 18, 3 16, 
AstarEnhanced, 5, 6.91771, 0.84210, 0.78000, 1959, 2825, 771, 0.070134835, 104, 88, 3 16, 
BlinkSearcher, 10, 6.43024, 0.78276, 0.63556, 2513, 3556, 933, 0.08346824, 
ExhustiveSearcher, 10, 6.41669, 0.78111, 0.71556, 2615, 3688, 960, 3.411686575, 530545, 530524, 530534, 
Astar1, 10, 6.41669, 0.78111, 0.71556, 2615, 3688, 960, 0.087150443, 1650, 245, 14 176, 
AstarEnhanced, 10, 6.41669, 0.78111, 0.71556, 2615, 3688, 960, 7.06634006, 801938, 801785, 14 16512, 
BlinkSearcher, 15, 6.17731, 0.75197, 0.48667, 2513, 3556, 933, 0.072000443, 
ExhustiveSearcher, 15, 6.14044, 0.74748, 0.70095, 7222, 9763, 2205, 318.850797303, 59151440, 59151418, 59131640, 
Astar1, 15, 6.14044, 0.74748, 0.70095, 7222, 9763, 2205, 8.53718433, 260663, 38123, 25 85311, 
AstarEnhanced, 15, 6.14044, 0.74748, 0.70095, 7222, 9763, 2205, 510.542107271, 73531759, 73547790, 25 98033, 
