Top-k, (AvgResultRelev, AvgResultRelev/ResultRelevs[0], AvgResultDiss) numOfKNListsRead, numOfNKMapLookups, numOfAnswerTreesExplored, elapseTime, numOfStatesCreated, numOfStatesExplored, numOfHeuristicSearchPerformed, maxQSize, 
query: [keyword, search, graph]
BlinkSea, 	5, 4.87342, 0.87018, 0.60000, 2508, 4574, 2073, 0.294349493, 
Exhustiv, 	5, 4.81255, 0.85931, 0.80000, 6862, 12575, 5747, 0.475345655, 103, 9, 103, 1, 
Astar02, 	5, 4.81255, 0.85931, 0.80000, 6862, 12575, 5747, 0.54398463, 114, 91, 3, 24, 0, 
Astar1nc_ap, 	5, 4.81255, 0.85931, 0.80000, 6862, 12575, 5747, 0.471632366, 28, 18, 3, 10, 0, 
query: [semantic, search, graph]
BlinkSea, 	5, 4.17538, 0.96522, 0.73000, 9095, 17189, 8118, 0.604966365, 
Exhustiv, 	5, 4.17538, 0.96522, 0.73000, 9095, 17189, 8118, 0.600970446, 31, 0, 31, 1, 
Astar02, 	5, 4.17538, 0.96522, 0.73000, 9095, 17189, 8118, 0.580180947, 16, 6, 1, 11, 0, 
Astar1nc_ap, 	5, 4.17538, 0.96522, 0.73000, 9095, 17189, 8118, 0.601981378, 6, 6, 1, 1, 0, 
query: [link, prediction, graph]
BlinkSea, 	5, 5.12285, 0.94925, 1.00000, 2508, 4719, 2135, 0.241925525, 
Exhustiv, 	5, 5.12285, 0.94925, 1.00000, 2508, 4719, 2135, 0.240754052, 31, 0, 31, 1, 
Astar02, 	5, 5.12285, 0.94925, 1.00000, 2508, 4719, 2135, 0.250216784, 16, 6, 1, 11, 0, 
Astar1nc_ap, 	5, 5.12285, 0.94925, 1.00000, 2508, 4719, 2135, 0.263786608, 6, 6, 1, 1, 0, 
query: [semantic, query, optimization]
BlinkSea, 	5, 3.93764, 0.87232, 0.93333, 1868, 3587, 1712, 0.2244292, 
Exhustiv, 	5, 3.93764, 0.87232, 0.93333, 1868, 3587, 1712, 0.215792593, 31, 0, 31, 1, 
Astar02, 	5, 3.93764, 0.87232, 0.93333, 1868, 3587, 1712, 0.225759097, 16, 6, 1, 11, 0, 
Astar1nc_ap, 	5, 3.93764, 0.87232, 0.93333, 1868, 3587, 1712, 0.207265948, 6, 6, 1, 1, 0, 
