Top-k, (AvgResultRelev, AvgResultRelev/ResultRelevs[0], AvgResultDiss) numOfKNListsRead, numOfNKMapLookups, numOfAnswerTreesExplored, elapseTime, numOfStatesCreated, numOfStatesExplored, numOfHeuristicSearchPerformed, maxQSize, 
query: [sf, fantasy, future]
BlinkSea, 	7, 6.59034, 0.89685, 0.46190, 2271, 2877, 598, 0.164668429, 
Exhustiv, 	7, 6.49697, 0.88414, 0.64286, 4127, 5549, 1438, 0.173715519, 2083, 2058, 1426, 
Astar1, 	7, 6.52353, 0.88775, 0.60000, 4058, 5453, 1411, 0.13389566, 9417, 5928, 15, 602, 
Astar1_2, 	7, 6.52353, 0.88775, 0.60000, 4058, 5453, 1411, 0.146185124, 1056, 140, 15, 112, 
Astar1_3, 	7, 6.52353, 0.88775, 0.60000, 4058, 5453, 1411, 0.080019052, 1056, 140, 15, 112, 
Astar1_4, 	7, 6.52353, 0.88775, 0.60000, 4058, 5453, 1411, 0.075883461, 147, 127, 15, 22, 
Astar2, 	7, 6.52353, 0.88775, 0.60000, 4058, 5453, 1411, 0.144558974, 6190, 5823, 15, 255, 
2, 
query: [academy, award, drama]
BlinkSea, 	7, 7.21541, 0.87445, 0.35714, 1773, 2915, 953, 0.160757719, 
Exhustiv, 	7, 7.18523, 0.87079, 0.60476, 1773, 2915, 953, 0.112889074, 8999, 8975, 6606, 
Astar1, 	7, 7.18523, 0.87079, 0.60476, 1773, 2915, 953, 0.23544687, 21202, 19224, 15, 582, 
Astar1_2, 	7, 7.18523, 0.87079, 0.60476, 1773, 2915, 953, 0.095156164, 1257, 161, 15, 140, 
Astar1_3, 	7, 7.18523, 0.87079, 0.60476, 1773, 2915, 953, 0.077963116, 1257, 161, 15, 140, 
Astar1_4, 	7, 7.18523, 0.87079, 0.60476, 1773, 2915, 953, 0.067326765, 148, 129, 15, 21, 
Astar2, 	7, 7.18523, 0.87079, 0.60476, 1773, 2915, 953, 0.223330333, 19935, 19205, 15, 485, 
3, 
query: [sf, time, travel]
BlinkSea, 	7, 6.75456, 0.82224, 0.65714, 1959, 2825, 771, 0.108108328, 
Exhustiv, 	7, 6.75456, 0.82224, 0.65714, 1959, 2825, 771, 0.068151204, 127, 126, 127, 
Astar1, 	7, 6.75456, 0.82224, 0.65714, 1959, 2825, 771, 0.067450497, 29, 8, 1, 21, 
Astar1_2, 	7, 6.75456, 0.82224, 0.65714, 1959, 2825, 771, 0.093391918, 29, 8, 1, 22, 
Astar1_3, 	7, 6.75456, 0.82224, 0.65714, 1959, 2825, 771, 0.10563766, 29, 8, 1, 22, 
Astar1_4, 	7, 6.75456, 0.82224, 0.65714, 1959, 2825, 771, 0.067095303, 29, 8, 1, 22, 
Astar2, 	7, 6.75456, 0.82224, 0.65714, 1959, 2825, 771, 0.067192324, 29, 8, 1, 22, 
0, 
query: [police, gangster, fight]
BlinkSea, 	7, 8.27522, 0.87470, 0.60476, 1526, 2367, 657, 0.102101866, 
Exhustiv, 	7, 8.27522, 0.87470, 0.64762, 1526, 2367, 657, 0.091381343, 1403, 160, 1403, 
Astar1, 	7, 8.27522, 0.87470, 0.64762, 1526, 2367, 657, 0.074135327, 1664, 1621, 5, 52, 
Astar1_2, 	7, 8.27522, 0.87470, 0.64762, 1526, 2367, 657, 0.066545063, 298, 181, 5, 53, 
Astar1_3, 	7, 8.27522, 0.87470, 0.64762, 1526, 2367, 657, 0.073168484, 298, 181, 5, 53, 
Astar1_4, 	7, 8.27522, 0.87470, 0.64762, 1526, 2367, 657, 0.063018207, 201, 173, 5, 22, 
Astar2, 	7, 8.27522, 0.87470, 0.64762, 1526, 2367, 657, 0.073391189, 1664, 1621, 5, 53, 
0, 
query: [spy, killer, action]
BlinkSea, 	7, 6.94439, 0.87514, 0.58095, 3222, 4948, 1449, 0.174570606, 
Exhustiv, 	7, 6.92901, 0.87320, 0.61905, 4826, 7441, 2207, 0.140795182, 251, 243, 251, 
Astar1, 	7, 6.92901, 0.87320, 0.61905, 4826, 7441, 2207, 0.082962358, 309, 162, 5, 48, 
Astar1_2, 	7, 6.92901, 0.87320, 0.61905, 4826, 7441, 2207, 0.086310796, 204, 40, 5, 49, 
Astar1_3, 	7, 6.92901, 0.87320, 0.61905, 4826, 7441, 2207, 0.078294167, 204, 40, 5, 49, 
Astar1_4, 	7, 6.92901, 0.87320, 0.61905, 4826, 7441, 2207, 0.088964962, 63, 37, 5, 22, 
Astar2, 	7, 6.92901, 0.87320, 0.61905, 4826, 7441, 2207, 0.110494428, 182, 156, 5, 28, 
1, 
query: [vampire, zombie, horror]
BlinkSea, 	7, 7.52534, 0.89909, 0.77143, 2545, 3854, 1231, 0.175735978, 
Exhustiv, 	7, 7.52534, 0.89909, 0.77143, 2545, 3854, 1231, 0.079196983, 127, 126, 127, 
Astar1, 	7, 7.52534, 0.89909, 0.77143, 2545, 3854, 1231, 0.065150047, 29, 9, 1, 21, 
Astar1_2, 	7, 7.52534, 0.89909, 0.77143, 2545, 3854, 1231, 0.094415245, 29, 9, 1, 22, 
Astar1_3, 	7, 7.52534, 0.89909, 0.77143, 2545, 3854, 1231, 0.093271702, 29, 9, 1, 22, 
Astar1_4, 	7, 7.52534, 0.89909, 0.77143, 2545, 3854, 1231, 0.09169057, 29, 9, 1, 22, 
Astar2, 	7, 7.52534, 0.89909, 0.77143, 2545, 3854, 1231, 0.07359325, 29, 9, 1, 22, 
0, 
query: [aircraft, ship, battle]
BlinkSea, 	7, 6.50472, 0.91427, 0.49048, 1767, 2546, 775, 0.123697367, 
Exhustiv, 	7, 6.50197, 0.91388, 0.61905, 1785, 2569, 776, 0.067075913, 248, 128, 248, 
Astar1, 	7, 6.50197, 0.91388, 0.61905, 1785, 2569, 776, 0.066605604, 166, 138, 2, 29, 
Astar1_2, 	7, 6.50197, 0.91388, 0.61905, 1785, 2569, 776, 0.062766617, 72, 30, 2, 30, 
Astar1_3, 	7, 6.50197, 0.91388, 0.61905, 1785, 2569, 776, 0.065782689, 71, 30, 2, 30, 
Astar1_4, 	7, 6.50197, 0.91388, 0.61905, 1785, 2569, 776, 0.084087679, 52, 30, 2, 22, 
Astar2, 	7, 6.50197, 0.91388, 0.61905, 1785, 2569, 776, 0.064727903, 166, 138, 2, 30, 
0, 
query: [crime, killer, thriller]
BlinkSea, 	7, 7.00223, 0.93162, 0.63810, 2317, 3842, 1351, 0.174561162, 
Exhustiv, 	7, 7.00223, 0.93162, 0.63810, 2317, 3842, 1351, 0.096628279, 127, 126, 127, 
Astar1, 	7, 7.00223, 0.93162, 0.63810, 2317, 3842, 1351, 0.070947425, 29, 9, 1, 21, 
Astar1_2, 	7, 7.00223, 0.93162, 0.63810, 2317, 3842, 1351, 0.077205384, 29, 9, 1, 22, 
Astar1_3, 	7, 7.00223, 0.93162, 0.63810, 2317, 3842, 1351, 0.075738393, 29, 9, 1, 22, 
Astar1_4, 	7, 7.00223, 0.93162, 0.63810, 2317, 3842, 1351, 0.096912988, 29, 9, 1, 22, 
Astar2, 	7, 7.00223, 0.93162, 0.63810, 2317, 3842, 1351, 0.075691575, 29, 9, 1, 22, 
0, 
query: [disaster, earth, escape]
BlinkSea, 	7, 7.09017, 0.91616, 0.57619, 1362, 2177, 725, 0.103402115, 
Exhustiv, 	7, 7.07933, 0.91476, 0.60000, 2421, 4177, 1657, 0.159350447, 4747, 328, 4747, 
Astar1, 	7, 7.07933, 0.91476, 0.60000, 2421, 4177, 1657, 0.134770606, 7708, 7652, 8, 136, 
Astar1_2, 	7, 7.07933, 0.91476, 0.60000, 2421, 4177, 1657, 0.103315858, 358, 64, 8, 57, 
Astar1_3, 	7, 7.07933, 0.91476, 0.60000, 2421, 4177, 1657, 0.074254025, 358, 64, 8, 57, 
Astar1_4, 	7, 7.07933, 0.91476, 0.60000, 2421, 4177, 1657, 0.097989256, 77, 58, 8, 21, 
Astar2, 	7, 7.07933, 0.91476, 0.60000, 2421, 4177, 1657, 0.097036723, 7708, 7652, 8, 137, 
0, 
query: [history, rome, emperor]
BlinkSea, 	7, 7.65235, 0.94040, 0.66667, 1178, 2034, 593, 0.131917579, 
Exhustiv, 	7, 7.65235, 0.94040, 0.66667, 1178, 2034, 593, 0.08418032, 127, 126, 127, 
Astar1, 	7, 7.65235, 0.94040, 0.66667, 1178, 2034, 593, 0.060541759, 30, 12, 1, 21, 
Astar1_2, 	7, 7.65235, 0.94040, 0.66667, 1178, 2034, 593, 0.059352784, 30, 12, 1, 22, 
Astar1_3, 	7, 7.65235, 0.94040, 0.66667, 1178, 2034, 593, 0.063509994, 30, 12, 1, 22, 
Astar1_4, 	7, 7.65235, 0.94040, 0.66667, 1178, 2034, 593, 0.06264999, 30, 12, 1, 22, 
Astar2, 	7, 7.65235, 0.94040, 0.66667, 1178, 2034, 593, 0.058746077, 30, 12, 1, 22, 
0, 
