Top-k, (AvgResultRelev, AvgResultRelev/ResultRelevs[0], AvgResultDiss) numOfKNListsRead, numOfNKMapLookups, numOfAnswerTreesExplored, numOfStatesCreated, numOfStatesExplored, numOfHeuristicSearchPerformed maxQSize, elapseTime, 
query: [sf, time, travel]
BlinkSearcher, 10, 6.43024, 0.78276, 0.63556, 2513, 3556, 933, 0.216694513, 
ExhustiveSearcher, 10, 6.41669, 0.78111, 0.71556, 2615, 3688, 960, 2.774498035, 530545, 530524, 530534, 
Astar1, 10, 6.41669, 0.78111, 0.71556, 2615, 3688, 960, 5.455123695, 802130, 801800, 14 16512, 
Astar1_2, 10, 6.41669, 0.78111, 0.71556, 2615, 3688, 960, 0.094388036, 1650, 245, 14 176, 
Astar1_3, 10, 6.41669, 0.78111, 0.71556, 2615, 3688, 960, 0.078240838, 1650, 245, 14 176, 
Astar2, 10, 6.41669, 0.78111, 0.71556, 46209, 53807, 13661, 53.777512739, 169959, 13665, 13653 0, 
0, 
query: [sf, fantasy, future]
BlinkSearcher, 10, 6.42333, 0.87412, 0.49778, 3951, 5304, 1363, 0.113467315, 
ExhustiveSearcher, 10, 6.31344, 0.85916, 0.70667, 6609, 8863, 2292, 2.425740388, 449114, 449077, 447063, 
Astar1, 10, 6.31344, 0.85916, 0.70667, 6609, 8863, 2292, 8.535794061, 841589, 632733, 47 13807, 
Astar1_2, 10, 6.31344, 0.85916, 0.70667, 6609, 8863, 2292, 1.905884863, 94008, 3438, 47 4959, 
Astar1_3, 10, 6.31344, 0.85916, 0.70667, 6609, 8863, 2292, 1.939716626, 94008, 3438, 47 4959, 
Astar2, 10, 6.31344, 0.85916, 0.70667, 46209, 55676, 12604, 358.218953617, 1417340, 12715, 12596 0, 
0, 
query: [academy, award, drama]
BlinkSearcher, 10, 7.05933, 0.85554, 0.41556, 1773, 2915, 953, 0.304719904, 
ExhustiveSearcher, 10, 6.99541, 0.84779, 0.70222, 1790, 2939, 958, 11.280904973, 2388357, 56179, 2388357, 
Astar1, 10, 6.99541, 0.84779, 0.70222, 1790, 2939, 958, 28.232692153, 3684317, 3683506, 17 45214, 
Astar1_2, 10, 6.99541, 0.84779, 0.70222, 1790, 2939, 958, 0.139793566, 5237, 438, 17 811, 
Astar1_3, 10, 6.99541, 0.84779, 0.70222, 1790, 2939, 958, 0.138004999, 5237, 438, 17 811, 
