Top-k, (AvgResultRelev, AvgResultRelev/ResultRelevs[0], AvgResultDiss) numOfKNListsRead, numOfNKMapLookups, numOfAnswerTreesExplored, elapseTime, numOfStatesCreated, numOfStatesExplored, numOfHeuristicSearchPerformed, maxQSize, 
query: [sf, fantasy, future]
BlinkSea, 	7, 6.59034, 0.89685, 0.46190, 2271, 2877, 598, 0.153929129, 
Exhustiv, 	7, 6.49697, 0.88414, 0.64286, 4127, 5549, 1438, 0.193031073, 2083, 2058, 1426, 
Astar1, 	7, 6.52353, 0.88775, 0.60000, 4058, 5453, 1411, 0.176580983, 9417, 5928, 15, 602, 
Astar1_2, 	7, 6.52353, 0.88775, 0.60000, 4058, 5453, 1411, 0.113804414, 1056, 140, 15, 111, 
Astar1_3, 	7, 6.52353, 0.88775, 0.60000, 4058, 5453, 1411, 0.098249435, 1056, 140, 15, 111, 
Astar2, 	7, 6.52353, 0.88775, 0.60000, 4058, 5453, 1411, 0.170226787, 6261, 5892, 15, 255, 
2, 
query: [academy, award, drama]
BlinkSea, 	7, 7.21541, 0.87445, 0.35714, 1773, 2915, 953, 0.15462008, 
Exhustiv, 	7, 7.18523, 0.87079, 0.60476, 1773, 2915, 953, 0.105835722, 8999, 8975, 6606, 
Astar1, 	7, 7.18523, 0.87079, 0.60476, 1773, 2915, 953, 0.226967073, 21202, 19224, 15, 582, 
Astar1_2, 	7, 7.18523, 0.87079, 0.60476, 1773, 2915, 953, 0.088238162, 1257, 161, 15, 139, 
Astar1_3, 	7, 7.18523, 0.87079, 0.60476, 1773, 2915, 953, 0.079402357, 1257, 161, 15, 139, 
Astar2, 	7, 7.18523, 0.87079, 0.60476, 1773, 2915, 953, 0.228665864, 19935, 19205, 15, 485, 
3, 
query: [sf, time, travel]
BlinkSea, 	7, 6.75456, 0.82224, 0.65714, 1959, 2825, 771, 0.109750571, 
Exhustiv, 	7, 6.75456, 0.82224, 0.65714, 1959, 2825, 771, 0.078038159, 127, 126, 127, 
Astar1, 	7, 6.75456, 0.82224, 0.65714, 1959, 2825, 771, 0.071624274, 29, 8, 1, 21, 
Astar1_2, 	7, 6.75456, 0.82224, 0.65714, 1959, 2825, 771, 0.065326691, 29, 8, 1, 21, 
Astar1_3, 	7, 6.75456, 0.82224, 0.65714, 1959, 2825, 771, 0.070890809, 29, 8, 1, 21, 
Astar2, 	7, 6.75456, 0.82224, 0.65714, 1959, 2825, 771, 0.061782909, 29, 8, 1, 22, 
0, 
query: [police, gangster, fight]
BlinkSea, 	7, 8.27522, 0.87470, 0.60476, 1526, 2367, 657, 0.116584349, 
Exhustiv, 	7, 8.27522, 0.87470, 0.64762, 1526, 2367, 657, 0.066922632, 1403, 160, 1403, 
Astar1, 	7, 8.27522, 0.87470, 0.64762, 1526, 2367, 657, 0.069891107, 1664, 1621, 5, 52, 
Astar1_2, 	7, 8.27522, 0.87470, 0.64762, 1526, 2367, 657, 0.090330758, 298, 181, 5, 52, 
Astar1_3, 	7, 8.27522, 0.87470, 0.64762, 1526, 2367, 657, 0.064861475, 298, 181, 5, 52, 
Astar2, 	7, 8.27522, 0.87470, 0.64762, 1526, 2367, 657, 0.068652569, 1664, 1621, 5, 53, 
0, 
query: [spy, killer, action]
BlinkSea, 	7, 6.94439, 0.87514, 0.58095, 3222, 4948, 1449, 0.18295857, 
Exhustiv, 	7, 6.92901, 0.87320, 0.61905, 4826, 7441, 2207, 0.123192423, 251, 243, 251, 
Astar1, 	7, 6.92901, 0.87320, 0.61905, 4826, 7441, 2207, 0.101321142, 309, 162, 5, 48, 
Astar1_2, 	7, 6.92901, 0.87320, 0.61905, 4826, 7441, 2207, 0.08144106, 204, 40, 5, 48, 
Astar1_3, 	7, 6.92901, 0.87320, 0.61905, 4826, 7441, 2207, 0.098789496, 204, 40, 5, 48, 
Astar2, 	7, 6.92901, 0.87320, 0.61905, 4826, 7441, 2207, 0.081719576, 182, 156, 5, 28, 
1, 
query: [vampire, zombie, horror]
BlinkSea, 	7, 7.52534, 0.89909, 0.77143, 2545, 3854, 1231, 0.135445136, 
Exhustiv, 	7, 7.52534, 0.89909, 0.77143, 2545, 3854, 1231, 0.065148715, 127, 126, 127, 
Astar1, 	7, 7.52534, 0.89909, 0.77143, 2545, 3854, 1231, 0.081844813, 29, 9, 1, 21, 
Astar1_2, 	7, 7.52534, 0.89909, 0.77143, 2545, 3854, 1231, 0.067679041, 29, 9, 1, 21, 
Astar1_3, 	7, 7.52534, 0.89909, 0.77143, 2545, 3854, 1231, 0.079089124, 29, 9, 1, 21, 
Astar2, 	7, 7.52534, 0.89909, 0.77143, 2545, 3854, 1231, 0.074867869, 29, 9, 1, 22, 
0, 
query: [aircraft, ship, battle]
BlinkSea, 	7, 6.50472, 0.91427, 0.49048, 1767, 2546, 775, 0.121008641, 
Exhustiv, 	7, 6.50197, 0.91388, 0.61905, 1785, 2569, 776, 0.068821228, 248, 128, 248, 
Astar1, 	7, 6.50197, 0.91388, 0.61905, 1785, 2569, 776, 0.061298594, 166, 138, 2, 29, 
Astar1_2, 	7, 6.50197, 0.91388, 0.61905, 1785, 2569, 776, 0.063100967, 72, 30, 2, 29, 
Astar1_3, 	7, 6.50197, 0.91388, 0.61905, 1785, 2569, 776, 0.059877626, 72, 30, 2, 29, 
Astar2, 	7, 6.50197, 0.91388, 0.61905, 1785, 2569, 776, 0.058214547, 166, 138, 2, 30, 
0, 
query: [crime, killer, thriller]
BlinkSea, 	7, 7.00223, 0.93162, 0.63810, 2317, 3842, 1351, 0.153920518, 
Exhustiv, 	7, 7.00223, 0.93162, 0.63810, 2317, 3842, 1351, 0.067140543, 127, 126, 127, 
Astar1, 	7, 7.00223, 0.93162, 0.63810, 2317, 3842, 1351, 0.07144238, 29, 9, 1, 21, 
Astar1_2, 	7, 7.00223, 0.93162, 0.63810, 2317, 3842, 1351, 0.067740261, 29, 9, 1, 21, 
Astar1_3, 	7, 7.00223, 0.93162, 0.63810, 2317, 3842, 1351, 0.065670721, 29, 9, 1, 21, 
Astar2, 	7, 7.00223, 0.93162, 0.63810, 2317, 3842, 1351, 0.064205548, 29, 9, 1, 22, 
0, 
query: [disaster, earth, escape]
BlinkSea, 	7, 7.09017, 0.91616, 0.57619, 1362, 2177, 725, 0.112729845, 
Exhustiv, 	7, 7.07933, 0.91476, 0.60000, 2421, 4177, 1657, 0.140987843, 4747, 328, 4747, 
Astar1, 	7, 7.07933, 0.91476, 0.60000, 2421, 4177, 1657, 0.119110375, 7708, 7652, 8, 136, 
Astar1_2, 	7, 7.07933, 0.91476, 0.60000, 2421, 4177, 1657, 0.071460239, 358, 64, 8, 56, 
Astar1_3, 	7, 7.07933, 0.91476, 0.60000, 2421, 4177, 1657, 0.071270297, 358, 64, 8, 56, 
Astar2, 	7, 7.07933, 0.91476, 0.60000, 2421, 4177, 1657, 0.11373408, 7708, 7652, 8, 137, 
0, 
query: [history, rome, emperor]
BlinkSea, 	7, 7.65235, 0.94040, 0.66667, 1178, 2034, 593, 0.102543182, 
Exhustiv, 	7, 7.65235, 0.94040, 0.66667, 1178, 2034, 593, 0.062813633, 127, 126, 127, 
Astar1, 	7, 7.65235, 0.94040, 0.66667, 1178, 2034, 593, 0.060010474, 30, 12, 1, 21, 
Astar1_2, 	7, 7.65235, 0.94040, 0.66667, 1178, 2034, 593, 0.061630723, 30, 12, 1, 21, 
Astar1_3, 	7, 7.65235, 0.94040, 0.66667, 1178, 2034, 593, 0.060432872, 30, 12, 1, 21, 
Astar2, 	7, 7.65235, 0.94040, 0.66667, 1178, 2034, 593, 0.060610739, 30, 12, 1, 22, 
0, 
