Top-k, (AvgResultRelev, AvgResultRelev/ResultRelevs[0], AvgResultDiss) numOfKNListsRead, numOfNKMapLookups, numOfAnswerTreesExplored, elapseTime, numOfStatesCreated, numOfStatesExplored, numOfHeuristicSearchPerformed, maxQSize, 
query: [sf, fantasy, future]
BlinkSea, 	5, 6.75715, 0.91955, 0.35000, 1971, 2481, 507, 0.140628128, 
Exhustiv, 	5, 6.53485, 0.88929, 0.65000, 4058, 5453, 1411, 0.170329383, 788, 744, 740, 
Astar1, 	5, 6.53485, 0.88929, 0.65000, 4058, 5453, 1411, 0.103134248, 4099, 2376, 17, 284, 
Astar1_2, 	5, 6.53485, 0.88929, 0.65000, 4058, 5453, 1411, 0.088772133, 1092, 147, 17, 119, 
Astar1_3, 	5, 6.53485, 0.88929, 0.65000, 4058, 5453, 1411, 0.073613165, 1092, 147, 17, 119, 
Astar1_4, 	5, 6.53485, 0.88929, 0.65000, 4058, 5453, 1411, 0.068852656, 118, 110, 17, 10, 
Astar2, 	5, 6.53485, 0.88929, 0.65000, 4058, 5453, 1411, 0.121130955, 2511, 2334, 17, 90, 
3, 
query: [academy, award, drama]
BlinkSea, 	5, 7.40757, 0.89774, 0.45000, 1746, 2870, 938, 0.208786516, 
Exhustiv, 	5, 7.32220, 0.88739, 0.65000, 1790, 2939, 958, 0.081426389, 2913, 2897, 2615, 
Astar1, 	5, 7.32220, 0.88739, 0.65000, 1790, 2939, 958, 0.127188648, 10345, 9153, 22, 257, 
Astar1_2, 	5, 7.32220, 0.88739, 0.65000, 1790, 2939, 958, 0.071853691, 1137, 132, 22, 86, 
Astar1_3, 	5, 7.32220, 0.88739, 0.65000, 1790, 2939, 958, 0.066240779, 1137, 132, 22, 86, 
Astar1_4, 	5, 7.32220, 0.88739, 0.65000, 1790, 2939, 958, 0.062720667, 121, 112, 22, 11, 
Astar2, 	5, 7.32220, 0.88739, 0.65000, 1790, 2939, 958, 0.118999073, 9413, 9115, 22, 224, 
3, 
query: [sf, time, travel]
BlinkSea, 	5, 7.08223, 0.86213, 0.55000, 1184, 1670, 425, 0.083939096, 
Exhustiv, 	5, 6.91771, 0.84210, 0.78000, 1959, 2825, 771, 0.071841612, 103, 39, 103, 
Astar1, 	5, 6.91771, 0.84210, 0.78000, 1959, 2825, 771, 0.062362949, 104, 88, 3, 16, 
Astar1_2, 	5, 6.91771, 0.84210, 0.78000, 1959, 2825, 771, 0.060558175, 53, 18, 3, 17, 
Astar1_3, 	5, 6.91771, 0.84210, 0.78000, 1959, 2825, 771, 0.060459683, 53, 18, 3, 17, 
Astar1_4, 	5, 6.91771, 0.84210, 0.78000, 1959, 2825, 771, 0.060360986, 25, 17, 3, 10, 
Astar2, 	5, 6.91771, 0.84210, 0.78000, 1959, 2825, 771, 0.0669139, 104, 88, 3, 17, 
0, 
query: [police, gangster, fight]
BlinkSea, 	5, 8.49679, 0.89812, 0.57000, 1526, 2367, 657, 0.099170533, 
Exhustiv, 	5, 8.49679, 0.89812, 0.68000, 1526, 2367, 657, 0.060600642, 31, 30, 31, 
Astar1, 	5, 8.49679, 0.89812, 0.68000, 1526, 2367, 657, 0.060019932, 16, 7, 1, 10, 
Astar1_2, 	5, 8.49679, 0.89812, 0.68000, 1526, 2367, 657, 0.066603569, 16, 7, 1, 11, 
Astar1_3, 	5, 8.49679, 0.89812, 0.68000, 1526, 2367, 657, 0.05966157, 16, 7, 1, 11, 
Astar1_4, 	5, 8.49679, 0.89812, 0.68000, 1526, 2367, 657, 0.0634634, 16, 7, 1, 11, 
Astar2, 	5, 8.49679, 0.89812, 0.68000, 1526, 2367, 657, 0.059347788, 16, 7, 1, 11, 
0, 
query: [spy, killer, action]
BlinkSea, 	5, 7.03085, 0.88604, 0.51000, 2877, 4366, 1234, 0.133198554, 
Exhustiv, 	5, 6.99129, 0.88105, 0.66000, 4826, 7441, 2207, 0.130999492, 98, 92, 98, 
Astar1, 	5, 7.01267, 0.88374, 0.65000, 3222, 4948, 1449, 0.066869977, 113, 96, 3, 19, 
Astar1_2, 	5, 7.01267, 0.88374, 0.65000, 3222, 4948, 1449, 0.068619946, 62, 28, 3, 20, 
Astar1_3, 	5, 7.01267, 0.88374, 0.65000, 3222, 4948, 1449, 0.066925553, 62, 28, 3, 20, 
Astar1_4, 	5, 7.01267, 0.88374, 0.65000, 3222, 4948, 1449, 0.066679844, 33, 27, 3, 11, 
Astar2, 	5, 7.01267, 0.88374, 0.65000, 3222, 4948, 1449, 0.067731889, 113, 96, 3, 20, 
0, 
query: [vampire, zombie, horror]
BlinkSea, 	5, 7.67840, 0.91737, 0.62000, 2067, 3030, 887, 0.101897971, 
Exhustiv, 	5, 7.65614, 0.91471, 0.70000, 2545, 3854, 1231, 0.082783357, 60, 33, 60, 
Astar1, 	5, 7.65614, 0.91471, 0.70000, 2545, 3854, 1231, 0.071765456, 51, 37, 2, 14, 
Astar1_2, 	5, 7.65614, 0.91471, 0.70000, 2545, 3854, 1231, 0.064352767, 35, 12, 2, 15, 
Astar1_3, 	5, 7.65614, 0.91471, 0.70000, 2545, 3854, 1231, 0.062799463, 35, 12, 2, 15, 
Astar1_4, 	5, 7.65614, 0.91471, 0.70000, 2545, 3854, 1231, 0.07589154, 21, 12, 2, 11, 
Astar2, 	5, 7.65614, 0.91471, 0.70000, 2545, 3854, 1231, 0.063575428, 51, 37, 2, 15, 
0, 
query: [crime, killer, thriller]
BlinkSea, 	5, 7.10392, 0.94515, 0.64000, 1374, 2318, 864, 0.154865143, 
Exhustiv, 	5, 7.08327, 0.94240, 0.82000, 2317, 3842, 1351, 0.098740226, 95, 35, 95, 
Astar1, 	5, 7.08327, 0.94240, 0.82000, 2317, 3842, 1351, 0.066672039, 106, 88, 3, 18, 
Astar1_2, 	5, 7.08327, 0.94240, 0.82000, 2317, 3842, 1351, 0.064421116, 58, 18, 3, 19, 
Astar1_3, 	5, 7.08327, 0.94240, 0.82000, 2317, 3842, 1351, 0.066715958, 58, 18, 3, 19, 
Astar1_4, 	5, 7.08327, 0.94240, 0.82000, 2317, 3842, 1351, 0.06428995, 26, 17, 3, 11, 
Astar2, 	5, 7.08327, 0.94240, 0.82000, 2317, 3842, 1351, 0.06404225, 106, 88, 3, 19, 
0, 
query: [disaster, earth, escape]
BlinkSea, 	5, 7.28974, 0.94195, 0.38000, 895, 1475, 532, 0.09322519, 
Exhustiv, 	5, 7.26421, 0.93865, 0.68000, 961, 1578, 565, 0.059311661, 57, 32, 57, 
Astar1, 	5, 7.26421, 0.93865, 0.68000, 961, 1578, 565, 0.060366755, 50, 36, 2, 14, 
Astar1_2, 	5, 7.26421, 0.93865, 0.68000, 961, 1578, 565, 0.053625008, 36, 14, 2, 15, 
Astar1_3, 	5, 7.26421, 0.93865, 0.68000, 961, 1578, 565, 0.053208583, 36, 14, 2, 15, 
Astar1_4, 	5, 7.26421, 0.93865, 0.68000, 961, 1578, 565, 0.054627073, 23, 14, 2, 11, 
Astar2, 	5, 7.26421, 0.93865, 0.68000, 961, 1578, 565, 0.054233279, 50, 36, 2, 15, 
0, 
query: [history, rome, emperor]
BlinkSea, 	5, 7.73462, 0.95051, 0.65000, 997, 1704, 514, 0.082828822, 
Exhustiv, 	5, 7.73462, 0.95051, 0.65000, 997, 1704, 514, 0.056181791, 31, 30, 31, 
Astar1, 	5, 7.73462, 0.95051, 0.65000, 997, 1704, 514, 0.060008072, 16, 6, 1, 10, 
Astar1_2, 	5, 7.73462, 0.95051, 0.65000, 997, 1704, 514, 0.056134375, 16, 6, 1, 11, 
Astar1_3, 	5, 7.73462, 0.95051, 0.65000, 997, 1704, 514, 0.055807612, 16, 6, 1, 11, 
Astar1_4, 	5, 7.73462, 0.95051, 0.65000, 997, 1704, 514, 0.057055781, 16, 6, 1, 11, 
Astar2, 	5, 7.73462, 0.95051, 0.65000, 997, 1704, 514, 0.05580726, 16, 6, 1, 11, 
0, 
query: [spaceship, battle, war]
BlinkSea, 	5, 6.61155, 0.96784, 0.79000, 1622, 2124, 500, 0.132840997, 
Exhustiv, 	5, 6.61155, 0.96784, 0.82000, 1622, 2124, 500, 0.055635127, 31, 30, 31, 
Astar1, 	5, 6.61155, 0.96784, 0.82000, 1622, 2124, 500, 0.056632179, 16, 7, 1, 10, 
Astar1_2, 	5, 6.61155, 0.96784, 0.82000, 1622, 2124, 500, 0.053025577, 16, 7, 1, 11, 
Astar1_3, 	5, 6.61155, 0.96784, 0.82000, 1622, 2124, 500, 0.052533612, 16, 7, 1, 11, 
Astar1_4, 	5, 6.61155, 0.96784, 0.82000, 1622, 2124, 500, 0.0525402, 16, 7, 1, 11, 
Astar2, 	5, 6.61155, 0.96784, 0.82000, 1622, 2124, 500, 0.052254542, 16, 7, 1, 11, 
0, 
query: [crime, thriller, mystery]
BlinkSea, 	5, 6.58576, 0.90718, 0.55000, 1352, 2365, 951, 0.146611832, 
Exhustiv, 	5, 6.53016, 0.89952, 0.71000, 1352, 2365, 951, 0.063521412, 57, 32, 57, 
Astar1, 	5, 6.53016, 0.89952, 0.71000, 1352, 2365, 951, 0.060042789, 49, 36, 2, 13, 
Astar1_2, 	5, 6.53016, 0.89952, 0.71000, 1352, 2365, 951, 0.059701258, 33, 12, 2, 14, 
Astar1_3, 	5, 6.53016, 0.89952, 0.71000, 1352, 2365, 951, 0.061299382, 33, 12, 2, 14, 
Astar1_4, 	5, 6.53016, 0.89952, 0.71000, 1352, 2365, 951, 0.061267873, 20, 12, 2, 10, 
Astar2, 	5, 6.53016, 0.89952, 0.71000, 1352, 2365, 951, 0.059574, 49, 36, 2, 14, 
0, 
query: [alien, human, fight]
BlinkSea, 	5, 7.19863, 0.97733, 0.96000, 2011, 2868, 786, 0.176216429, 
Exhustiv, 	5, 7.19863, 0.97733, 0.96000, 2011, 2868, 786, 0.06331791, 31, 30, 31, 
Astar1, 	5, 7.19863, 0.97733, 0.96000, 2011, 2868, 786, 0.060992456, 16, 6, 1, 10, 
Astar1_2, 	5, 7.19863, 0.97733, 0.96000, 2011, 2868, 786, 0.059945182, 16, 6, 1, 11, 
Astar1_3, 	5, 7.19863, 0.97733, 0.96000, 2011, 2868, 786, 0.060731086, 16, 6, 1, 11, 
Astar1_4, 	5, 7.19863, 0.97733, 0.96000, 2011, 2868, 786, 0.065097423, 16, 6, 1, 11, 
Astar2, 	5, 7.19863, 0.97733, 0.96000, 2011, 2868, 786, 0.060387658, 16, 6, 1, 11, 
0, 
query: [killer, murder, thriller]
BlinkSea, 	5, 7.61006, 0.91490, 0.63000, 1374, 2308, 852, 0.146754637, 
Exhustiv, 	5, 7.57873, 0.91113, 0.74000, 1374, 2308, 852, 0.06146972, 61, 34, 61, 
Astar1, 	5, 7.57873, 0.91113, 0.74000, 1374, 2308, 852, 0.061163586, 51, 37, 2, 14, 
Astar1_2, 	5, 7.57873, 0.91113, 0.74000, 1374, 2308, 852, 0.060147414, 35, 12, 2, 15, 
Astar1_3, 	5, 7.57873, 0.91113, 0.74000, 1374, 2308, 852, 0.061709804, 35, 12, 2, 15, 
Astar1_4, 	5, 7.57873, 0.91113, 0.74000, 1374, 2308, 852, 0.060744215, 21, 12, 2, 11, 
Astar2, 	5, 7.57873, 0.91113, 0.74000, 1374, 2308, 852, 0.059698016, 51, 37, 2, 15, 
0, 
query: [animation, robot, war]
BlinkSea, 	5, 6.98850, 0.91703, 0.81000, 534, 396, 35, 0.069009768, 
Exhustiv, 	5, 6.98850, 0.91703, 0.81000, 534, 396, 35, 0.051398447, 31, 30, 31, 
Astar1, 	5, 7.04386, 0.92429, 0.74000, 690, 521, 56, 0.05677032, 98, 48, 4, 24, 
Astar1_2, 	5, 7.04386, 0.92429, 0.74000, 690, 521, 56, 0.053549649, 71, 22, 4, 25, 
Astar1_3, 	5, 7.04386, 0.92429, 0.74000, 690, 521, 56, 0.052107357, 71, 22, 4, 25, 
Astar1_4, 	5, 7.04386, 0.92429, 0.74000, 690, 521, 56, 0.05214901, 36, 14, 4, 15, 
Astar2, 	5, 6.98850, 0.91703, 0.81000, 631, 468, 42, 0.05211397, 17, 9, 2, 10, 
1, 
query: [animation, ghost, monster]
BlinkSea, 	5, 7.22770, 0.95892, 0.76000, 3174, 5247, 1981, 0.270722272, 
Exhustiv, 	5, 7.22770, 0.95892, 0.76000, 3174, 5247, 1981, 0.074498079, 31, 30, 31, 
Astar1, 	5, 7.22770, 0.95892, 0.76000, 3174, 5247, 1981, 0.062412927, 16, 6, 1, 10, 
Astar1_2, 	5, 7.22770, 0.95892, 0.76000, 3174, 5247, 1981, 0.066094117, 16, 6, 1, 11, 
Astar1_3, 	5, 7.22770, 0.95892, 0.76000, 3174, 5247, 1981, 0.062989604, 16, 6, 1, 11, 
Astar1_4, 	5, 7.22770, 0.95892, 0.76000, 3174, 5247, 1981, 0.061548918, 16, 6, 1, 11, 
Astar2, 	5, 7.22770, 0.95892, 0.76000, 3174, 5247, 1981, 0.067942719, 16, 6, 1, 11, 
0, 
