Top-k, (AvgResultRelev, AvgResultRelev/ResultRelevs[0], AvgResultDiss) numOfKNListsRead, numOfNKMapLookups, numOfAnswerTreesExplored, elapseTime, numOfStatesCreated, numOfStatesExplored, numOfHeuristicSearchPerformed, maxQSize, 
query: [sf, fantasy, future]
BlinkSea, 	5, 6.75715, 0.91955, 0.35000, 1971, 2481, 507, 0.19524963, 
Exhustiv, 	5, 6.63353, 0.90272, 0.55000, 4058, 5453, 1411, 0.183707862, 61, 52, 59, 
Astar1, 	5, 6.63353, 0.90272, 0.55000, 4058, 5453, 1411, 0.130646275, 498, 85, 17, 62, 
Astar2, 	5, 6.62839, 0.90202, 0.51000, 4058, 5453, 1411, 0.082168393, 77, 75, 17, 4, 
1, 
query: [academy, award, drama]
BlinkSea, 	5, 7.40757, 0.89774, 0.45000, 1746, 2870, 938, 0.135382915, 
Exhustiv, 	5, 7.38856, 0.89544, 0.51000, 1773, 2915, 953, 0.06499201, 110, 41, 110, 
Astar1, 	5, 7.38856, 0.89544, 0.51000, 1773, 2915, 953, 0.062866959, 24, 15, 3, 8, 
Astar2, 	5, 7.38856, 0.89544, 0.51000, 1773, 2915, 953, 0.063676016, 27, 20, 3, 8, 
0, 
query: [sf, time, travel]
BlinkSea, 	5, 7.08223, 0.86213, 0.55000, 1184, 1670, 425, 0.077442395, 
Exhustiv, 	5, 7.08223, 0.86213, 0.55000, 1184, 1670, 425, 0.058013615, 31, 30, 31, 
Astar1, 	5, 7.08223, 0.86213, 0.55000, 1184, 1670, 425, 0.059037922, 6, 6, 1, 1, 
Astar2, 	5, 7.08223, 0.86213, 0.55000, 1184, 1670, 425, 0.061503386, 6, 6, 1, 1, 
0, 
query: [police, gangster, fight]
BlinkSea, 	5, 8.49679, 0.89812, 0.57000, 1526, 2367, 657, 0.101311525, 
Exhustiv, 	5, 8.49679, 0.89812, 0.68000, 1526, 2367, 657, 0.061564374, 31, 30, 31, 
Astar1, 	5, 8.49679, 0.89812, 0.68000, 1526, 2367, 657, 0.062599766, 6, 6, 1, 1, 
Astar2, 	5, 8.49679, 0.89812, 0.68000, 1526, 2367, 657, 0.063018106, 6, 6, 1, 1, 
0, 
query: [spy, killer, action]
BlinkSea, 	5, 7.03085, 0.88604, 0.51000, 2877, 4366, 1234, 0.130380485, 
Exhustiv, 	5, 7.03085, 0.88604, 0.51000, 2877, 4366, 1234, 0.068942654, 31, 30, 31, 
Astar1, 	5, 7.03085, 0.88604, 0.51000, 2877, 4366, 1234, 0.067568639, 6, 6, 1, 1, 
Astar2, 	5, 7.03085, 0.88604, 0.51000, 2877, 4366, 1234, 0.065417982, 6, 6, 1, 1, 
0, 
query: [vampire, zombie, horror]
BlinkSea, 	5, 7.67840, 0.91737, 0.62000, 2067, 3030, 887, 0.10456926, 
Exhustiv, 	5, 7.67840, 0.91737, 0.62000, 2067, 3030, 887, 0.061518562, 31, 30, 31, 
Astar1, 	5, 7.67840, 0.91737, 0.62000, 2067, 3030, 887, 0.060957673, 6, 6, 1, 1, 
Astar2, 	5, 7.67840, 0.91737, 0.62000, 2067, 3030, 887, 0.06352134, 6, 6, 1, 1, 
0, 
query: [crime, killer, thriller]
BlinkSea, 	5, 7.10392, 0.94515, 0.64000, 1374, 2318, 864, 0.098027517, 
Exhustiv, 	5, 7.10392, 0.94515, 0.64000, 1374, 2318, 864, 0.057501778, 31, 30, 31, 
Astar1, 	5, 7.10392, 0.94515, 0.64000, 1374, 2318, 864, 0.061481462, 6, 6, 1, 1, 
Astar2, 	5, 7.10392, 0.94515, 0.64000, 1374, 2318, 864, 0.057090238, 6, 6, 1, 1, 
0, 
query: [disaster, earth, escape]
BlinkSea, 	5, 7.28974, 0.94195, 0.38000, 895, 1475, 532, 0.088683296, 
Exhustiv, 	5, 7.26421, 0.93865, 0.68000, 961, 1578, 565, 0.060339511, 61, 34, 61, 
Astar1, 	5, 7.26421, 0.93865, 0.68000, 961, 1578, 565, 0.064057333, 15, 11, 2, 5, 
Astar2, 	5, 7.26421, 0.93865, 0.68000, 961, 1578, 565, 0.05666043, 15, 11, 2, 5, 
0, 
query: [history, rome, emperor]
BlinkSea, 	5, 7.73462, 0.95051, 0.65000, 997, 1704, 514, 0.095780154, 
Exhustiv, 	5, 7.73462, 0.95051, 0.65000, 997, 1704, 514, 0.065132907, 31, 30, 31, 
Astar1, 	5, 7.73462, 0.95051, 0.65000, 997, 1704, 514, 0.059700673, 6, 6, 1, 1, 
Astar2, 	5, 7.73462, 0.95051, 0.65000, 997, 1704, 514, 0.062574439, 6, 6, 1, 1, 
0, 
query: [spaceship, battle, war]
BlinkSea, 	5, 6.61155, 0.96784, 0.79000, 1622, 2124, 500, 0.094553728, 
Exhustiv, 	5, 6.61155, 0.96784, 0.82000, 1622, 2124, 500, 0.05594142, 31, 30, 31, 
Astar1, 	5, 6.61155, 0.96784, 0.82000, 1622, 2124, 500, 0.05985539, 6, 6, 1, 1, 
Astar2, 	5, 6.61155, 0.96784, 0.82000, 1622, 2124, 500, 0.062428677, 6, 6, 1, 1, 
0, 
query: [crime, thriller, mystery]
BlinkSea, 	5, 6.58576, 0.90718, 0.55000, 1352, 2365, 951, 0.103730483, 
Exhustiv, 	5, 6.58576, 0.90718, 0.55000, 1352, 2365, 951, 0.062343169, 31, 30, 31, 
Astar1, 	5, 6.58576, 0.90718, 0.55000, 1352, 2365, 951, 0.068627902, 6, 6, 1, 1, 
Astar2, 	5, 6.58576, 0.90718, 0.55000, 1352, 2365, 951, 0.063201676, 6, 6, 1, 1, 
0, 
query: [alien, human, fight]
BlinkSea, 	5, 7.19863, 0.97733, 0.96000, 2011, 2868, 786, 0.112320877, 
Exhustiv, 	5, 7.19863, 0.97733, 0.96000, 2011, 2868, 786, 0.062866072, 31, 30, 31, 
Astar1, 	5, 7.19863, 0.97733, 0.96000, 2011, 2868, 786, 0.072173055, 6, 6, 1, 1, 
Astar2, 	5, 7.19863, 0.97733, 0.96000, 2011, 2868, 786, 0.063827201, 6, 6, 1, 1, 
0, 
query: [killer, murder, thriller]
BlinkSea, 	5, 7.61006, 0.91490, 0.63000, 1374, 2308, 852, 0.098759618, 
Exhustiv, 	5, 7.61006, 0.91490, 0.63000, 1374, 2308, 852, 0.066454504, 31, 30, 31, 
Astar1, 	5, 7.61006, 0.91490, 0.63000, 1374, 2308, 852, 0.070368926, 6, 6, 1, 1, 
Astar2, 	5, 7.61006, 0.91490, 0.63000, 1374, 2308, 852, 0.063377533, 6, 6, 1, 1, 
0, 
query: [animation, robot, war]
BlinkSea, 	5, 6.98850, 0.91703, 0.81000, 534, 396, 35, 0.059375761, 
Exhustiv, 	5, 6.98850, 0.91703, 0.81000, 534, 396, 35, 0.053159957, 31, 30, 31, 
Astar1, 	5, 7.10044, 0.93172, 0.58000, 690, 521, 56, 0.055935098, 33, 16, 4, 12, 
Astar2, 	5, 6.98850, 0.91703, 0.81000, 631, 468, 42, 0.053787174, 7, 7, 2, 1, 
1, 
query: [animation, ghost, monster]
BlinkSea, 	5, 7.22770, 0.95892, 0.76000, 3174, 5247, 1981, 0.165640754, 
Exhustiv, 	5, 7.22770, 0.95892, 0.76000, 3174, 5247, 1981, 0.073029088, 31, 30, 31, 
Astar1, 	5, 7.22770, 0.95892, 0.76000, 3174, 5247, 1981, 0.072079738, 6, 6, 1, 1, 
Astar2, 	5, 7.22770, 0.95892, 0.76000, 3174, 5247, 1981, 0.070090058, 6, 6, 1, 1, 
0, 
