Top-k, (AvgResultRelev, AvgResultRelev/ResultRelevs[0], AvgResultDiss) numOfKNListsRead, numOfNKMapLookups, numOfAnswerTreesExplored, elapseTime, numOfStatesCreated, numOfStatesExplored, numOfHeuristicSearchPerformed, maxQSize, 
query: [disaster, rescue, hero, sacrifice]
BlinkSea, 	5, 8.97219, 0.98376, 0.48000, 2548, 6084, 1698, 0.246989567, 
Exhustiv, 	5, 8.72638, 0.95681, 0.82857, 4006, 9564, 2639, 0.224127345, 284, 276, 284, 
Astar0, 	5, 8.72638, 0.95681, 0.82857, 4006, 9564, 2639, 0.241515719, 4996, 730, 28, 474, 
Astar1, 	5, 8.72638, 0.95681, 0.82857, 4006, 9564, 2639, 0.175064901, 1448, 460, 28, 176, 
Astar2, 	5, 8.72638, 0.95681, 0.82857, 4006, 9564, 2639, 0.238851654, 684, 664, 28, 27, 
1, 
Astar1nc, 	5, 8.72638, 0.95681, 0.82857, 4006, 9564, 2639, 0.163579298, 1443, 456, 27, 176, 
Astar2nc, 	5, 8.72638, 0.95681, 0.82857, 4006, 9564, 2639, 0.17911011, 678, 658, 27, 27, 
1, 
query: [academy, award, thriller, horror]
BlinkSea, 	5, 9.36711, 0.97951, 0.86667, 16556, 30047, 6755, 0.659221646, 
Exhustiv, 	5, 9.36711, 0.97951, 0.86667, 16556, 30047, 6755, 0.188238717, 31, 30, 31, 
Astar0, 	5, 9.36711, 0.97951, 0.86667, 16556, 30047, 6755, 0.242198953, 6, 6, 1, 1, 
Astar1, 	5, 9.36711, 0.97951, 0.86667, 16556, 30047, 6755, 0.16488701, 6, 6, 1, 1, 
Astar2, 	5, 9.36711, 0.97951, 0.86667, 16556, 30047, 6755, 0.163206484, 6, 6, 1, 1, 
0, 
Astar1nc, 	5, 9.36711, 0.97951, 0.86667, 16556, 30047, 6755, 0.230975493, 6, 6, 1, 1, 
Astar2nc, 	5, 9.36711, 0.97951, 0.86667, 16556, 30047, 6755, 0.237642841, 6, 6, 1, 1, 
0, 
query: [academy, award, sf, fantasy]
BlinkSea, 	5, 8.06435, 0.97121, 0.61905, 12229, 23133, 2067, 0.31322053, 
Exhustiv, 	5, 7.82050, 0.94185, 0.81905, 12739, 24064, 2188, 0.191647457, 485, 473, 438, 
Astar0, 	5, 7.82050, 0.94185, 0.81905, 12739, 24064, 2188, 0.176093188, 3035, 496, 27, 200, 
Astar1, 	5, 7.82050, 0.94185, 0.81905, 12739, 24064, 2188, 0.182632708, 1227, 229, 27, 126, 
Astar2, 	5, 7.77060, 0.93584, 0.81905, 12739, 24064, 2188, 0.165515723, 512, 460, 27, 35, 
2, 
Astar1nc, 	5, 7.82050, 0.94185, 0.81905, 12739, 24064, 2188, 0.165292329, 1227, 229, 27, 126, 
Astar2nc, 	5, 7.77060, 0.93584, 0.81905, 12739, 24064, 2188, 0.224745529, 512, 460, 27, 35, 
2, 
query: [academy, award, war, drama]
BlinkSea, 	5, 8.20443, 0.97184, 0.80952, 33176, 64169, 15351, 0.922909147, 
Exhustiv, 	5, 8.20443, 0.97184, 0.80952, 33176, 64169, 15351, 0.341444857, 31, 30, 31, 
Astar0, 	5, 8.20443, 0.97184, 0.80952, 33176, 64169, 15351, 0.326735109, 6, 6, 1, 1, 
Astar1, 	5, 8.20443, 0.97184, 0.80952, 33176, 64169, 15351, 0.291198643, 6, 6, 1, 1, 
Astar2, 	5, 8.20443, 0.97184, 0.80952, 33176, 64169, 15351, 0.292722903, 6, 6, 1, 1, 
0, 
Astar1nc, 	5, 8.20443, 0.97184, 0.80952, 33176, 64169, 15351, 0.282588828, 6, 6, 1, 1, 
Astar2nc, 	5, 8.20443, 0.97184, 0.80952, 33176, 64169, 15351, 0.281693842, 6, 6, 1, 1, 
0, 
query: [sf, time, travel, future]
BlinkSea, 	5, 8.84014, 0.92321, 0.51333, 3199, 5005, 931, 0.140086952, 
Exhustiv, 	5, 8.34349, 0.87134, 0.80000, 8415, 13273, 2514, 0.244946768, 3329, 3235, 2666, 
Astar0, 	5, 8.34349, 0.87134, 0.80000, 8415, 13273, 2514, 0.343640203, 7668, 3335, 33, 355, 
Astar1, 	5, 8.34349, 0.87134, 0.80000, 8415, 13273, 2514, 0.144367306, 1286, 265, 33, 82, 
Astar2, 	5, 8.34349, 0.87134, 0.80000, 8415, 13273, 2514, 0.328898687, 3696, 3308, 33, 165, 
3, 
Astar1nc, 	5, 8.34349, 0.87134, 0.80000, 8415, 13273, 2514, 0.143442114, 1150, 221, 26, 82, 
Astar2nc, 	5, 8.34349, 0.87134, 0.80000, 8415, 13273, 2514, 0.312311924, 3243, 2855, 26, 165, 
3, 
query: [explosion, rescue, escape, hero]
BlinkSea, 	5, 7.64164, 0.92681, 0.88286, 3282, 7628, 2090, 0.226819113, 
Exhustiv, 	5, 7.64164, 0.92681, 0.88286, 3282, 7628, 2090, 0.131683921, 31, 30, 31, 
Astar0, 	5, 7.64164, 0.92681, 0.88286, 3282, 7628, 2090, 0.113463335, 6, 6, 1, 1, 
Astar1, 	5, 7.64164, 0.92681, 0.88286, 3282, 7628, 2090, 0.11012276, 6, 6, 1, 1, 
Astar2, 	5, 7.64164, 0.92681, 0.88286, 3282, 7628, 2090, 0.102703322, 6, 6, 1, 1, 
0, 
Astar1nc, 	5, 7.64164, 0.92681, 0.88286, 3282, 7628, 2090, 0.119239789, 6, 6, 1, 1, 
Astar2nc, 	5, 7.64164, 0.92681, 0.88286, 3282, 7628, 2090, 0.103762686, 6, 6, 1, 1, 
0, 
query: [emperor, war, conquest, history]
BlinkSea, 	5, 9.97427, 0.95940, 0.61333, 9903, 18694, 3798, 0.327836234, 
Exhustiv, 	5, 9.73992, 0.93685, 0.80000, 10418, 19570, 3970, 0.17930259, 7103, 7098, 7103, 
Astar0, 	5, 9.73038, 0.93594, 0.81619, 12264, 23209, 4726, 0.402632998, 7523, 4394, 25, 908, 
Astar1, 	5, 9.73038, 0.93594, 0.81619, 12264, 23209, 4726, 0.248275466, 2072, 494, 25, 328, 
Astar2, 	5, 9.73038, 0.93594, 0.81619, 12264, 23209, 4726, 0.537323434, 5321, 4390, 25, 760, 
1, 
Astar1nc, 	5, 9.73038, 0.93594, 0.81619, 12264, 23209, 4726, 0.257397388, 2015, 455, 21, 328, 
Astar2nc, 	5, 9.73038, 0.93594, 0.81619, 12264, 23209, 4726, 0.487569278, 5203, 4272, 21, 760, 
1, 
query: [hitchcock, mystery, thriller, horror]
BlinkSea, 	5, 12.49645, 0.89508, 0.87333, 17294, 26745, 5009, 0.644642756, 
Exhustiv, 	5, 12.49645, 0.89508, 0.87333, 17294, 26745, 5009, 0.153544311, 31, 30, 31, 
Astar0, 	5, 12.49645, 0.89508, 0.87333, 17294, 26745, 5009, 0.151679858, 6, 6, 1, 1, 
Astar1, 	5, 12.49645, 0.89508, 0.87333, 17294, 26745, 5009, 0.149136744, 6, 6, 1, 1, 
Astar2, 	5, 12.49645, 0.89508, 0.87333, 17294, 26745, 5009, 0.148481841, 6, 6, 1, 1, 
0, 
Astar1nc, 	5, 12.49645, 0.89508, 0.87333, 17294, 26745, 5009, 0.148779234, 6, 6, 1, 1, 
Astar2nc, 	5, 12.49645, 0.89508, 0.87333, 17294, 26745, 5009, 0.148967174, 6, 6, 1, 1, 
0, 
query: [robot, war, battle, animation]
BlinkSea, 	5, 11.10572, 0.98636, 0.72286, 7711, 15587, 3679, 0.441575298, 
Exhustiv, 	5, 10.97594, 0.97483, 0.80952, 10418, 21920, 5405, 0.343457011, 84, 31, 84, 
Astar0, 	5, 10.97594, 0.97483, 0.80952, 10418, 21920, 5405, 0.148115476, 22, 18, 3, 5, 
Astar1, 	5, 10.97594, 0.97483, 0.80952, 10418, 21920, 5405, 0.147561168, 20, 15, 3, 5, 
Astar2, 	5, 10.97594, 0.97483, 0.80952, 10418, 21920, 5405, 0.152241226, 22, 18, 3, 5, 
0, 
Astar1nc, 	5, 10.97594, 0.97483, 0.80952, 10418, 21920, 5405, 0.149960482, 20, 15, 3, 5, 
Astar2nc, 	5, 10.97594, 0.97483, 0.80952, 10418, 21920, 5405, 0.150642185, 22, 18, 3, 5, 
0, 
query: [crowe, russell, drama, award]
BlinkSea, 	5, 11.68719, 0.81539, 0.82238, 16024, 32779, 7925, 0.57030314, 
Exhustiv, 	5, 11.68719, 0.81539, 0.82238, 16024, 32779, 7925, 0.187085448, 31, 30, 31, 
Astar0, 	5, 11.68719, 0.81539, 0.82238, 16024, 32779, 7925, 0.259904656, 6, 6, 1, 1, 
Astar1, 	5, 11.68719, 0.81539, 0.82238, 16024, 32779, 7925, 0.194438019, 6, 6, 1, 1, 
Astar2, 	5, 11.68719, 0.81539, 0.82238, 16024, 32779, 7925, 0.185563157, 6, 6, 1, 1, 
0, 
Astar1nc, 	5, 11.68719, 0.81539, 0.82238, 16024, 32779, 7925, 0.187443745, 6, 6, 1, 1, 
Astar2nc, 	5, 11.68719, 0.81539, 0.82238, 16024, 32779, 7925, 0.259453827, 6, 6, 1, 1, 
0, 
