Top-k, (AvgResultRelev, AvgResultRelev/ResultRelevs[0], AvgResultDiss) numOfKNListsRead, numOfNKMapLookups, numOfAnswerTreesExplored, elapseTime, numOfStatesCreated, numOfStatesExplored, numOfHeuristicSearchPerformed, maxQSize, 
query: [disaster, rescue, hero, sacrifice]
BlinkSea, 	5, 8.97219, 0.98376, 0.48000, 2548, 6084, 1698, 0.237275212, 
Exhustiv, 	5, 8.88929, 0.97467, 0.73048, 3347, 8044, 2246, 0.28283419, 162, 157, 162, 
Astar0, 	5, 8.88929, 0.97467, 0.73048, 3347, 8044, 2246, 0.123754725, 75, 47, 5, 18, 
Astar1, 	5, 8.88929, 0.97467, 0.73048, 3347, 8044, 2246, 0.119677203, 45, 28, 5, 11, 
Astar2, 	5, 8.88929, 0.97467, 0.73048, 3347, 8044, 2246, 0.117596096, 57, 45, 5, 14, 
1, 
Astar1nc, 	5, 8.88929, 0.97467, 0.73048, 3347, 8044, 2246, 0.138136457, 45, 28, 5, 11, 
Astar2nc, 	5, 8.88929, 0.97467, 0.73048, 3347, 8044, 2246, 0.122707167, 57, 45, 5, 14, 
1, 
query: [academy, award, thriller, horror]
BlinkSea, 	5, 9.36711, 0.97951, 0.86667, 16556, 30047, 6755, 0.741308766, 
Exhustiv, 	5, 9.36711, 0.97951, 0.86667, 16556, 30047, 6755, 0.185375607, 31, 30, 31, 
Astar0, 	5, 9.36711, 0.97951, 0.86667, 16556, 30047, 6755, 0.190124216, 6, 6, 1, 1, 
Astar1, 	5, 9.36711, 0.97951, 0.86667, 16556, 30047, 6755, 0.224839901, 6, 6, 1, 1, 
Astar2, 	5, 9.36711, 0.97951, 0.86667, 16556, 30047, 6755, 0.18616149, 6, 6, 1, 1, 
0, 
Astar1nc, 	5, 9.36711, 0.97951, 0.86667, 16556, 30047, 6755, 0.18626258, 6, 6, 1, 1, 
Astar2nc, 	5, 9.36711, 0.97951, 0.86667, 16556, 30047, 6755, 0.233946834, 6, 6, 1, 1, 
0, 
query: [academy, award, sf, fantasy]
BlinkSea, 	5, 8.06435, 0.97121, 0.61905, 12229, 23133, 2067, 0.355404235, 
Exhustiv, 	5, 7.95152, 0.95762, 0.76190, 12395, 23413, 2090, 0.180214149, 100, 95, 100, 
Astar0, 	5, 7.95152, 0.95762, 0.76190, 12395, 23413, 2090, 0.156703445, 44, 26, 4, 13, 
Astar1, 	5, 7.95152, 0.95762, 0.76190, 12395, 23413, 2090, 0.175708247, 37, 21, 4, 10, 
Astar2, 	5, 7.95152, 0.95762, 0.76190, 12395, 23413, 2090, 0.220794239, 30, 24, 4, 7, 
1, 
Astar1nc, 	5, 7.95152, 0.95762, 0.76190, 12395, 23413, 2090, 0.240070652, 37, 21, 4, 10, 
Astar2nc, 	5, 7.95152, 0.95762, 0.76190, 12395, 23413, 2090, 0.184796725, 30, 24, 4, 7, 
1, 
query: [academy, award, war, drama]
BlinkSea, 	5, 8.20443, 0.97184, 0.80952, 33176, 64169, 15351, 1.274305534, 
Exhustiv, 	5, 8.20443, 0.97184, 0.80952, 33176, 64169, 15351, 0.437316854, 31, 30, 31, 
Astar0, 	5, 8.20443, 0.97184, 0.80952, 33176, 64169, 15351, 0.3756205, 6, 6, 1, 1, 
Astar1, 	5, 8.20443, 0.97184, 0.80952, 33176, 64169, 15351, 0.30594067, 6, 6, 1, 1, 
Astar2, 	5, 8.20443, 0.97184, 0.80952, 33176, 64169, 15351, 0.41170514, 6, 6, 1, 1, 
0, 
Astar1nc, 	5, 8.20443, 0.97184, 0.80952, 33176, 64169, 15351, 0.399150272, 6, 6, 1, 1, 
Astar2nc, 	5, 8.20443, 0.97184, 0.80952, 33176, 64169, 15351, 0.399272747, 6, 6, 1, 1, 
0, 
query: [sf, time, travel, future]
BlinkSea, 	5, 8.84014, 0.92321, 0.51333, 3199, 5005, 931, 0.163048673, 
Exhustiv, 	5, 8.51164, 0.88890, 0.71833, 8415, 13273, 2514, 0.251671788, 1175, 1155, 936, 
Astar0, 	5, 8.51164, 0.88890, 0.71833, 8415, 13273, 2514, 0.357413023, 4534, 1341, 33, 226, 
Astar1, 	5, 8.51164, 0.88890, 0.71833, 8415, 13273, 2514, 0.184275178, 1707, 245, 33, 155, 
Astar2, 	5, 8.45969, 0.88348, 0.70667, 8415, 13273, 2514, 0.260847485, 1353, 1292, 33, 38, 
3, 
Astar1nc, 	5, 8.51164, 0.88890, 0.71833, 8415, 13273, 2514, 0.174904578, 1707, 245, 33, 155, 
Astar2nc, 	5, 8.45969, 0.88348, 0.70667, 8415, 13273, 2514, 0.274965826, 1353, 1292, 33, 38, 
3, 
query: [explosion, rescue, escape, hero]
BlinkSea, 	5, 7.64164, 0.92681, 0.88286, 3282, 7628, 2090, 0.284366145, 
Exhustiv, 	5, 7.64164, 0.92681, 0.88286, 3282, 7628, 2090, 0.110309262, 31, 30, 31, 
Astar0, 	5, 7.64164, 0.92681, 0.88286, 3282, 7628, 2090, 0.129685528, 6, 6, 1, 1, 
Astar1, 	5, 7.64164, 0.92681, 0.88286, 3282, 7628, 2090, 0.122868182, 6, 6, 1, 1, 
Astar2, 	5, 7.64164, 0.92681, 0.88286, 3282, 7628, 2090, 0.121799589, 6, 6, 1, 1, 
0, 
Astar1nc, 	5, 7.64164, 0.92681, 0.88286, 3282, 7628, 2090, 0.124657997, 6, 6, 1, 1, 
Astar2nc, 	5, 7.64164, 0.92681, 0.88286, 3282, 7628, 2090, 0.121483032, 6, 6, 1, 1, 
0, 
query: [emperor, war, conquest, history]
BlinkSea, 	5, 9.97427, 0.95940, 0.61333, 9903, 18694, 3798, 0.433540867, 
Exhustiv, 	5, 9.89698, 0.95196, 0.71619, 10164, 19154, 3891, 0.207514999, 2015, 2010, 2015, 
Astar0, 	5, 9.89698, 0.95196, 0.71619, 10164, 19154, 3891, 0.186272879, 990, 765, 11, 119, 
Astar1, 	5, 9.89698, 0.95196, 0.71619, 10164, 19154, 3891, 0.170607248, 274, 162, 11, 39, 
Astar2, 	5, 9.89698, 0.95196, 0.71619, 10164, 19154, 3891, 0.172880983, 868, 761, 11, 108, 
1, 
Astar1nc, 	5, 9.89698, 0.95196, 0.71619, 10164, 19154, 3891, 0.154645575, 274, 162, 11, 39, 
Astar2nc, 	5, 9.89698, 0.95196, 0.71619, 10164, 19154, 3891, 0.15341213, 868, 761, 11, 108, 
1, 
query: [hitchcock, mystery, thriller, horror]
BlinkSea, 	5, 12.49645, 0.89508, 0.87333, 17294, 26745, 5009, 0.580648224, 
Exhustiv, 	5, 12.49645, 0.89508, 0.87333, 17294, 26745, 5009, 0.19078898, 31, 30, 31, 
Astar0, 	5, 12.49645, 0.89508, 0.87333, 17294, 26745, 5009, 0.159991806, 6, 6, 1, 1, 
Astar1, 	5, 12.49645, 0.89508, 0.87333, 17294, 26745, 5009, 0.169586408, 6, 6, 1, 1, 
Astar2, 	5, 12.49645, 0.89508, 0.87333, 17294, 26745, 5009, 0.154988048, 6, 6, 1, 1, 
0, 
Astar1nc, 	5, 12.49645, 0.89508, 0.87333, 17294, 26745, 5009, 0.172301736, 6, 6, 1, 1, 
Astar2nc, 	5, 12.49645, 0.89508, 0.87333, 17294, 26745, 5009, 0.197519471, 6, 6, 1, 1, 
0, 
query: [robot, war, battle, animation]
BlinkSea, 	5, 11.10572, 0.98636, 0.72286, 7711, 15587, 3679, 0.403586143, 
Exhustiv, 	5, 11.10572, 0.98636, 0.72286, 7711, 15587, 3679, 0.139335129, 31, 30, 31, 
Astar0, 	5, 11.10572, 0.98636, 0.72286, 7711, 15587, 3679, 0.124460365, 6, 6, 1, 1, 
Astar1, 	5, 11.10572, 0.98636, 0.72286, 7711, 15587, 3679, 0.132829387, 6, 6, 1, 1, 
Astar2, 	5, 11.10572, 0.98636, 0.72286, 7711, 15587, 3679, 0.162590415, 6, 6, 1, 1, 
0, 
Astar1nc, 	5, 11.10572, 0.98636, 0.72286, 7711, 15587, 3679, 0.125988779, 6, 6, 1, 1, 
Astar2nc, 	5, 11.10572, 0.98636, 0.72286, 7711, 15587, 3679, 0.127196623, 6, 6, 1, 1, 
0, 
query: [crowe, russell, drama, award]
BlinkSea, 	5, 11.68719, 0.81539, 0.82238, 16024, 32779, 7925, 0.683277365, 
Exhustiv, 	5, 11.68719, 0.81539, 0.82238, 16024, 32779, 7925, 0.208260472, 31, 30, 31, 
Astar0, 	5, 11.68719, 0.81539, 0.82238, 16024, 32779, 7925, 0.210525021, 6, 6, 1, 1, 
Astar1, 	5, 11.68719, 0.81539, 0.82238, 16024, 32779, 7925, 0.188152704, 6, 6, 1, 1, 
Astar2, 	5, 11.68719, 0.81539, 0.82238, 16024, 32779, 7925, 0.231880244, 6, 6, 1, 1, 
0, 
Astar1nc, 	5, 11.68719, 0.81539, 0.82238, 16024, 32779, 7925, 0.187887777, 6, 6, 1, 1, 
Astar2nc, 	5, 11.68719, 0.81539, 0.82238, 16024, 32779, 7925, 0.192677987, 6, 6, 1, 1, 
0, 
