Top-k, (AvgResultRelev, AvgResultRelev/ResultRelevs[0], AvgResultDiss) numOfKNListsRead, numOfNKMapLookups, numOfAnswerTreesExplored, elapseTime, numOfStatesCreated, numOfStatesExplored, numOfHeuristicSearchPerformed, maxQSize, 
query: [sf, fantasy, future]
BlinkSea, 	5, 6.75715, 0.91955, 0.35000, 1971, 2481, 507, 0.156019803, 
Exhustiv, 	5, 6.53485, 0.88929, 0.65000, 4058, 5453, 1411, 0.202669737, 788, 744, 740, 
Astar0, 	5, 6.53485, 0.88929, 0.65000, 4058, 5453, 1411, 0.113344108, 1377, 647, 17, 101, 
Astar1, 	5, 6.53485, 0.88929, 0.65000, 4058, 5453, 1411, 0.091139639, 379, 121, 17, 43, 
Astar2, 	5, 6.53485, 0.88929, 0.65000, 4058, 5453, 1411, 0.107689368, 718, 618, 17, 49, 
3, 
Astar12, 	5, 6.53485, 0.88929, 0.65000, 4058, 5453, 1411, 0.076964004, 379, 121, 17, 43, 
0, 
query: [academy, award, drama]
BlinkSea, 	5, 7.40757, 0.89774, 0.45000, 1746, 2870, 938, 0.133436052, 
Exhustiv, 	5, 7.32220, 0.88739, 0.65000, 1790, 2939, 958, 0.123253791, 2913, 2897, 2615, 
Astar0, 	5, 7.32220, 0.88739, 0.65000, 1790, 2939, 958, 0.121962254, 2427, 1790, 22, 106, 
Astar1, 	5, 7.32220, 0.88739, 0.65000, 1790, 2939, 958, 0.081561953, 784, 110, 22, 76, 
Astar2, 	5, 7.28338, 0.88269, 0.66000, 1790, 2939, 958, 0.138367491, 1887, 1778, 22, 81, 
3, 
Astar12, 	5, 7.32220, 0.88739, 0.65000, 1790, 2939, 958, 0.067778459, 784, 110, 22, 76, 
0, 
query: [sf, time, travel]
BlinkSea, 	5, 7.08223, 0.86213, 0.55000, 1184, 1670, 425, 0.084896788, 
Exhustiv, 	5, 6.91771, 0.84210, 0.78000, 1959, 2825, 771, 0.075381257, 103, 39, 103, 
Astar0, 	5, 6.91771, 0.84210, 0.78000, 1959, 2825, 771, 0.061441032, 21, 15, 3, 7, 
Astar1, 	5, 6.91771, 0.84210, 0.78000, 1959, 2825, 771, 0.061036502, 20, 13, 3, 7, 
Astar2, 	5, 6.91771, 0.84210, 0.78000, 1959, 2825, 771, 0.062383201, 21, 15, 3, 7, 
0, 
Astar12, 	5, 6.91771, 0.84210, 0.78000, 1959, 2825, 771, 0.062999073, 20, 13, 3, 7, 
0, 
query: [police, gangster, fight]
BlinkSea, 	5, 8.49679, 0.89812, 0.57000, 1526, 2367, 657, 0.145417412, 
Exhustiv, 	5, 8.49679, 0.89812, 0.68000, 1526, 2367, 657, 0.086683408, 31, 30, 31, 
Astar0, 	5, 8.49679, 0.89812, 0.68000, 1526, 2367, 657, 0.061682029, 6, 6, 1, 1, 
Astar1, 	5, 8.49679, 0.89812, 0.68000, 1526, 2367, 657, 0.0667977, 6, 6, 1, 1, 
Astar2, 	5, 8.49679, 0.89812, 0.68000, 1526, 2367, 657, 0.060500657, 6, 6, 1, 1, 
0, 
Astar12, 	5, 8.49679, 0.89812, 0.68000, 1526, 2367, 657, 0.069061294, 6, 6, 1, 1, 
0, 
