Top-k, (AvgResultRelev, AvgResultRelev/ResultRelevs[0], AvgResultDiss) numOfKNListsRead, numOfNKMapLookups, numOfAnswerTreesExplored, elapseTime, numOfStatesCreated, numOfStatesExplored, numOfHeuristicSearchPerformed, maxQSize, 
query: [sf, fantasy, future]
BlinkSea, 	5, 6.75715, 0.91955, 0.35000, 1971, 2481, 507, 0.231824671, 
Exhustiv, 	5, 6.53485, 0.88929, 0.65000, 4058, 5453, 1411, 0.205308593, 788, 744, 740, 
Astar1, 	5, 6.53485, 0.88929, 0.65000, 4058, 5453, 1411, 0.099342907, 574, 121, 17, 97, 
Astar2, 	5, 6.53485, 0.88929, 0.65000, 4058, 5453, 1411, 0.112762621, 718, 618, 17, 49, 
3, 
query: [academy, award, drama]
BlinkSea, 	5, 7.40757, 0.89774, 0.45000, 1746, 2870, 938, 0.316420497, 
Exhustiv, 	5, 7.32220, 0.88739, 0.65000, 1790, 2939, 958, 0.132560489, 2913, 2897, 2615, 
Astar1, 	5, 7.32220, 0.88739, 0.65000, 1790, 2939, 958, 0.082197376, 789, 110, 22, 76, 
Astar2, 	5, 7.28338, 0.88269, 0.66000, 1790, 2939, 958, 0.189195514, 1887, 1778, 22, 81, 
3, 
query: [sf, time, travel]
BlinkSea, 	5, 7.08223, 0.86213, 0.55000, 1184, 1670, 425, 0.143720942, 
Exhustiv, 	5, 6.91771, 0.84210, 0.78000, 1959, 2825, 771, 0.114180098, 103, 39, 103, 
Astar1, 	5, 6.91771, 0.84210, 0.78000, 1959, 2825, 771, 0.069681014, 20, 13, 3, 7, 
Astar2, 	5, 6.91771, 0.84210, 0.78000, 1959, 2825, 771, 0.061473165, 21, 15, 3, 7, 
0, 
query: [police, gangster, fight]
BlinkSea, 	5, 8.49679, 0.89812, 0.57000, 1526, 2367, 657, 0.240583925, 
Exhustiv, 	5, 8.49679, 0.89812, 0.68000, 1526, 2367, 657, 0.062132965, 31, 30, 31, 
Astar1, 	5, 8.49679, 0.89812, 0.68000, 1526, 2367, 657, 0.06281004, 6, 6, 1, 1, 
Astar2, 	5, 8.49679, 0.89812, 0.68000, 1526, 2367, 657, 0.05991168, 6, 6, 1, 1, 
0, 
query: [spy, killer, action]
BlinkSea, 	5, 7.03085, 0.88604, 0.51000, 2877, 4366, 1234, 0.302136434, 
Exhustiv, 	5, 6.99129, 0.88105, 0.66000, 4826, 7441, 2207, 0.268084311, 98, 92, 98, 
Astar1, 	5, 7.01267, 0.88374, 0.65000, 3222, 4948, 1449, 0.085190122, 23, 17, 3, 7, 
Astar2, 	5, 7.01267, 0.88374, 0.65000, 3222, 4948, 1449, 0.076000629, 26, 21, 3, 7, 
0, 
query: [vampire, zombie, horror]
BlinkSea, 	5, 7.67840, 0.91737, 0.62000, 2067, 3030, 887, 0.212964501, 
Exhustiv, 	5, 7.65614, 0.91471, 0.70000, 2545, 3854, 1231, 0.107828702, 60, 33, 60, 
Astar1, 	5, 7.65614, 0.91471, 0.70000, 2545, 3854, 1231, 0.065762317, 14, 10, 2, 5, 
Astar2, 	5, 7.65614, 0.91471, 0.70000, 2545, 3854, 1231, 0.082462008, 14, 10, 2, 5, 
0, 
query: [crime, killer, thriller]
BlinkSea, 	5, 7.10392, 0.94515, 0.64000, 1374, 2318, 864, 0.242000289, 
Exhustiv, 	5, 7.08327, 0.94240, 0.82000, 2317, 3842, 1351, 0.168291131, 95, 35, 95, 
Astar1, 	5, 7.08327, 0.94240, 0.82000, 2317, 3842, 1351, 0.089005771, 22, 15, 3, 7, 
Astar2, 	5, 7.08327, 0.94240, 0.82000, 2317, 3842, 1351, 0.069059761, 25, 19, 3, 7, 
0, 
query: [disaster, earth, escape]
BlinkSea, 	5, 7.28974, 0.94195, 0.38000, 895, 1475, 532, 0.183918091, 
Exhustiv, 	5, 7.26421, 0.93865, 0.68000, 961, 1578, 565, 0.065603581, 57, 32, 57, 
Astar1, 	5, 7.26421, 0.93865, 0.68000, 961, 1578, 565, 0.065014914, 15, 11, 2, 5, 
Astar2, 	5, 7.26421, 0.93865, 0.68000, 961, 1578, 565, 0.062261184, 15, 11, 2, 5, 
0, 
query: [history, rome, emperor]
BlinkSea, 	5, 7.73462, 0.95051, 0.65000, 997, 1704, 514, 0.191179092, 
Exhustiv, 	5, 7.73462, 0.95051, 0.65000, 997, 1704, 514, 0.06273096, 31, 30, 31, 
Astar1, 	5, 7.73462, 0.95051, 0.65000, 997, 1704, 514, 0.062055458, 6, 6, 1, 1, 
Astar2, 	5, 7.73462, 0.95051, 0.65000, 997, 1704, 514, 0.061824881, 6, 6, 1, 1, 
0, 
query: [spaceship, battle, war]
BlinkSea, 	5, 6.61155, 0.96784, 0.79000, 1622, 2124, 500, 0.171027437, 
Exhustiv, 	5, 6.61155, 0.96784, 0.82000, 1622, 2124, 500, 0.058293577, 31, 30, 31, 
Astar1, 	5, 6.61155, 0.96784, 0.82000, 1622, 2124, 500, 0.063940819, 6, 6, 1, 1, 
Astar2, 	5, 6.61155, 0.96784, 0.82000, 1622, 2124, 500, 0.058607553, 6, 6, 1, 1, 
0, 
query: [crime, thriller, mystery]
BlinkSea, 	5, 6.58576, 0.90718, 0.55000, 1352, 2365, 951, 0.172759443, 
Exhustiv, 	5, 6.53016, 0.89952, 0.71000, 1352, 2365, 951, 0.064626552, 57, 32, 57, 
Astar1, 	5, 6.53016, 0.89952, 0.71000, 1352, 2365, 951, 0.062631976, 11, 9, 2, 3, 
Astar2, 	5, 6.53016, 0.89952, 0.71000, 1352, 2365, 951, 0.063486144, 11, 9, 2, 3, 
0, 
query: [alien, human, fight]
BlinkSea, 	5, 7.19863, 0.97733, 0.96000, 2011, 2868, 786, 0.200119246, 
Exhustiv, 	5, 7.19863, 0.97733, 0.96000, 2011, 2868, 786, 0.071107783, 31, 30, 31, 
Astar1, 	5, 7.19863, 0.97733, 0.96000, 2011, 2868, 786, 0.06262845, 6, 6, 1, 1, 
Astar2, 	5, 7.19863, 0.97733, 0.96000, 2011, 2868, 786, 0.065883734, 6, 6, 1, 1, 
0, 
query: [killer, murder, thriller]
BlinkSea, 	5, 7.61006, 0.91490, 0.63000, 1374, 2308, 852, 0.188484768, 
Exhustiv, 	5, 7.57873, 0.91113, 0.74000, 1374, 2308, 852, 0.062928912, 61, 34, 61, 
Astar1, 	5, 7.57873, 0.91113, 0.74000, 1374, 2308, 852, 0.063015566, 14, 10, 2, 5, 
Astar2, 	5, 7.57873, 0.91113, 0.74000, 1374, 2308, 852, 0.062345869, 14, 10, 2, 5, 
0, 
query: [animation, robot, war]
BlinkSea, 	5, 6.98850, 0.91703, 0.81000, 534, 396, 35, 0.076239331, 
Exhustiv, 	5, 6.98850, 0.91703, 0.81000, 534, 396, 35, 0.054032868, 31, 30, 31, 
Astar1, 	5, 7.04386, 0.92429, 0.74000, 690, 521, 56, 0.059193711, 36, 17, 4, 14, 
Astar2, 	5, 6.98850, 0.91703, 0.81000, 631, 468, 42, 0.053416612, 7, 7, 2, 1, 
1, 
query: [animation, ghost, monster]
BlinkSea, 	5, 7.22770, 0.95892, 0.76000, 3174, 5247, 1981, 0.394819658, 
Exhustiv, 	5, 7.22770, 0.95892, 0.76000, 3174, 5247, 1981, 0.07163706, 31, 30, 31, 
Astar1, 	5, 7.22770, 0.95892, 0.76000, 3174, 5247, 1981, 0.073309154, 6, 6, 1, 1, 
Astar2, 	5, 7.22770, 0.95892, 0.76000, 3174, 5247, 1981, 0.09154472, 6, 6, 1, 1, 
0, 
