Top-k, (AvgResultRelev, AvgResultRelev/ResultRelevs[0], AvgResultDiss) numOfKNListsRead, numOfNKMapLookups, numOfAnswerTreesExplored, elapseTime, numOfStatesCreated, numOfStatesExplored, numOfHeuristicSearchPerformed, maxQSize, 
query: [hitchcock, mystery, thriller]
BlinkSea, 	5, 10.69480, 0.85219, 0.65000, 5817, 8206, 2399, 0.38267458, 
Exhustiv, 	5, 10.66443, 0.84976, 0.80000, 5817, 8206, 2399, 0.268043417, 97, 37, 97, 
Astar0, 	5, 10.66443, 0.84976, 0.80000, 5817, 8206, 2399, 0.100076494, 26, 19, 3, 8, 
Astar1, 	5, 10.66443, 0.84976, 0.80000, 5817, 8206, 2399, 0.133067921, 24, 16, 3, 8, 
Astar2, 	5, 10.66443, 0.84976, 0.80000, 5817, 8206, 2399, 0.088742893, 26, 19, 3, 8, 
0, 
Astar1nc, 	5, 10.66443, 0.84976, 0.80000, 5817, 8206, 2399, 0.097878175, 24, 16, 3, 8, 
Astar2nc, 	5, 10.66443, 0.84976, 0.80000, 5817, 8206, 2399, 0.089326414, 26, 19, 3, 8, 
0, 
query: [hitchcock, thriller, horror]
BlinkSea, 	5, 10.70354, 0.86218, 0.65000, 7186, 9804, 2664, 0.207241265, 
Exhustiv, 	5, 10.67316, 0.85973, 0.80000, 7186, 9804, 2664, 0.094677057, 505, 111, 505, 
Astar0, 	5, 10.67316, 0.85973, 0.80000, 7186, 9804, 2664, 0.089800852, 169, 141, 7, 29, 
Astar1, 	5, 10.67316, 0.85973, 0.80000, 7186, 9804, 2664, 0.094229226, 93, 36, 7, 29, 
Astar2, 	5, 10.67316, 0.85973, 0.80000, 7186, 9804, 2664, 0.102402753, 169, 141, 7, 29, 
0, 
Astar1nc, 	5, 10.67316, 0.85973, 0.80000, 7186, 9804, 2664, 0.095009906, 93, 36, 7, 29, 
Astar2nc, 	5, 10.67316, 0.85973, 0.80000, 7186, 9804, 2664, 0.111533357, 169, 141, 7, 29, 
0, 
query: [academy, award, thriller]
BlinkSea, 	5, 7.12035, 0.97477, 0.78000, 5817, 9415, 3281, 0.255908232, 
Exhustiv, 	5, 7.05954, 0.96644, 0.80000, 8905, 14342, 5189, 0.195942998, 57, 51, 56, 
Astar0, 	5, 7.05954, 0.96644, 0.80000, 8905, 14342, 5189, 0.114834539, 128, 40, 7, 25, 
Astar1, 	5, 7.05954, 0.96644, 0.80000, 8905, 14342, 5189, 0.138326383, 98, 35, 7, 25, 
Astar2, 	5, 7.03842, 0.96355, 0.86000, 8905, 14342, 5189, 0.129213902, 35, 32, 7, 4, 
1, 
Astar1nc, 	5, 7.05954, 0.96644, 0.80000, 8905, 14342, 5189, 0.101176435, 98, 35, 7, 25, 
Astar2nc, 	5, 7.03842, 0.96355, 0.86000, 8905, 14342, 5189, 0.109777736, 35, 32, 7, 4, 
1, 
query: [academy, award, drama]
BlinkSea, 	5, 6.53336, 0.96344, 0.72000, 24882, 37386, 13002, 0.541311137, 
Exhustiv, 	5, 6.51691, 0.96101, 0.80000, 24882, 37386, 13002, 0.200853993, 56, 32, 56, 
Astar0, 	5, 6.50000, 0.95852, 0.84000, 24882, 37386, 13002, 0.212719636, 70, 31, 5, 16, 
Astar1, 	5, 6.50000, 0.95852, 0.84000, 24882, 37386, 13002, 0.218408827, 52, 25, 5, 13, 
Astar2, 	5, 6.45003, 0.95115, 0.85000, 24882, 37386, 13002, 0.184489222, 27, 25, 5, 4, 
1, 
Astar1nc, 	5, 6.50000, 0.95852, 0.84000, 24882, 37386, 13002, 0.195811116, 52, 25, 5, 13, 
Astar2nc, 	5, 6.45003, 0.95115, 0.85000, 24882, 37386, 13002, 0.190485624, 27, 25, 5, 4, 
1, 
query: [academy, award, sf]
BlinkSea, 	5, 5.68478, 0.92745, 0.57000, 4320, 7757, 929, 0.115601423, 
Exhustiv, 	5, 5.39911, 0.88085, 0.82000, 9285, 16706, 1965, 0.208881638, 1225, 1014, 473, 
Astar0, 	5, 5.39911, 0.88085, 0.82000, 9285, 16706, 1965, 86.978128566, 505078, 503854, 61, 8026, 
Astar1, 	5, 5.39911, 0.88085, 0.82000, 9285, 16706, 1965, 0.751144625, 4673, 1066, 61, 164, 
Astar2, 	5, 5.39911, 0.88085, 0.82000, 9285, 16706, 1965, 86.509454354, 505078, 503854, 61, 8026, 
0, 
Astar1nc, 	5, 5.39911, 0.88085, 0.82000, 9285, 16706, 1965, 0.755018887, 4416, 990, 51, 164, 
Astar2nc, 	5, 5.39911, 0.88085, 0.82000, 9285, 16706, 1965, 87.00378061, 499950, 498726, 51, 8026, 
0, 
query: [sf, time, travel]
BlinkSea, 	5, 6.79707, 0.87623, 0.50833, 2402, 3213, 850, 0.105424294, 
Exhustiv, 	5, 6.48099, 0.83549, 0.80500, 6312, 8611, 2295, 0.203106921, 10515, 10510, 10515, 
Astar0, 	5, 6.48099, 0.83549, 0.80500, 6312, 8611, 2295, 0.36062339, 6452, 6148, 25, 232, 
Astar1, 	5, 6.48099, 0.83549, 0.80500, 6312, 8611, 2295, 0.106430054, 730, 249, 25, 59, 
Astar2, 	5, 6.48099, 0.83549, 0.80500, 6312, 8611, 2295, 0.364416196, 6296, 6146, 25, 232, 
1, 
Astar1nc, 	5, 6.48099, 0.83549, 0.80500, 6312, 8611, 2295, 0.100386111, 539, 177, 16, 59, 
Astar2nc, 	5, 6.48099, 0.83549, 0.80500, 6312, 8611, 2295, 0.336020673, 5188, 5038, 17, 232, 
1, 
query: [explosion, rescue, escape]
BlinkSea, 	5, 5.65816, 0.99203, 0.59000, 1662, 2817, 1113, 0.153342856, 
Exhustiv, 	5, 5.61398, 0.98429, 0.80000, 1680, 2842, 1120, 0.071314337, 371, 366, 371, 
Astar0, 	5, 5.61398, 0.98429, 0.80000, 1680, 2842, 1120, 0.073534433, 282, 154, 8, 91, 
Astar1, 	5, 5.61398, 0.98429, 0.80000, 1680, 2842, 1120, 0.06899658, 208, 72, 8, 86, 
Astar2, 	5, 5.61398, 0.98429, 0.80000, 1680, 2842, 1120, 0.069662511, 188, 150, 8, 45, 
1, 
Astar1nc, 	5, 5.61398, 0.98429, 0.80000, 1680, 2842, 1120, 0.066502618, 179, 55, 5, 86, 
Astar2nc, 	5, 5.61398, 0.98429, 0.80000, 1680, 2842, 1120, 0.067332087, 130, 92, 5, 45, 
1, 
query: [emperor, conquest, history]
BlinkSea, 	5, 8.46270, 0.92025, 0.45000, 1443, 2031, 582, 0.084577047, 
Exhustiv, 	5, 8.24097, 0.89614, 0.81000, 7424, 11246, 3589, 0.295162008, 6120, 577, 6120, 
Astar0, 	5, 8.24097, 0.89614, 0.81000, 7424, 11246, 3589, 0.401274862, 4059, 3944, 26, 136, 
Astar1, 	5, 8.24097, 0.89614, 0.81000, 7424, 11246, 3589, 0.146968383, 838, 311, 26, 58, 
Astar2, 	5, 8.24097, 0.89614, 0.81000, 7424, 11246, 3589, 0.410355177, 4059, 3944, 26, 136, 
0, 
Astar1nc, 	5, 8.24097, 0.89614, 0.81000, 7424, 11246, 3589, 0.132215769, 832, 306, 25, 58, 
Astar2nc, 	5, 8.24097, 0.89614, 0.81000, 7424, 11246, 3589, 0.416555265, 4052, 3937, 25, 136, 
0, 
query: [robot, battle, animation]
BlinkSea, 	5, 9.50639, 0.95301, 0.74000, 2377, 3526, 1062, 0.144948043, 
Exhustiv, 	5, 9.42538, 0.94488, 0.84000, 3510, 5350, 1716, 0.120969552, 55, 49, 54, 
Astar0, 	5, 9.42538, 0.94488, 0.84000, 3510, 5350, 1716, 0.075228435, 27, 16, 3, 9, 
Astar1, 	5, 9.42538, 0.94488, 0.84000, 3510, 5350, 1716, 0.08209103, 25, 15, 3, 9, 
Astar2, 	5, 9.38948, 0.94129, 0.85000, 3510, 5350, 1716, 0.082713755, 19, 16, 3, 4, 
1, 
Astar1nc, 	5, 9.42538, 0.94488, 0.84000, 3510, 5350, 1716, 0.069625482, 25, 15, 3, 9, 
Astar2nc, 	5, 9.38948, 0.94129, 0.85000, 3510, 5350, 1716, 0.069299409, 19, 16, 3, 4, 
1, 
query: [monster, ghost, animation]
BlinkSea, 	5, 8.84671, 0.98007, 0.98000, 3510, 5287, 1435, 0.165703087, 
Exhustiv, 	5, 8.84671, 0.98007, 0.98000, 3510, 5287, 1435, 0.074359609, 31, 30, 31, 
Astar0, 	5, 8.84671, 0.98007, 0.98000, 3510, 5287, 1435, 0.090168156, 6, 6, 1, 1, 
Astar1, 	5, 8.84671, 0.98007, 0.98000, 3510, 5287, 1435, 0.07415688, 6, 6, 1, 1, 
Astar2, 	5, 8.84671, 0.98007, 0.98000, 3510, 5287, 1435, 0.069195763, 6, 6, 1, 1, 
0, 
Astar1nc, 	5, 8.84671, 0.98007, 0.98000, 3510, 5287, 1435, 0.072140358, 6, 6, 1, 1, 
Astar2nc, 	5, 8.84671, 0.98007, 0.98000, 3510, 5287, 1435, 0.071356246, 6, 6, 1, 1, 
0, 
query: [robot, action, sf]
BlinkSea, 	5, 8.30029, 0.86665, 0.74000, 4320, 7365, 1737, 0.161020544, 
Exhustiv, 	5, 8.19348, 0.85550, 0.82000, 6968, 11631, 2667, 0.147463764, 449, 425, 365, 
Astar0, 	5, 8.19348, 0.85550, 0.82000, 6968, 11631, 2667, 0.118070714, 1420, 1299, 12, 122, 
Astar1, 	5, 8.19348, 0.85550, 0.82000, 6968, 11631, 2667, 0.106591962, 318, 121, 12, 100, 
Astar2, 	5, 8.19348, 0.85550, 0.82000, 6968, 11631, 2667, 0.120872314, 1420, 1299, 12, 122, 
0, 
Astar1nc, 	5, 8.19348, 0.85550, 0.82000, 6968, 11631, 2667, 0.093209308, 318, 121, 12, 100, 
Astar2nc, 	5, 8.19348, 0.85550, 0.82000, 6968, 11631, 2667, 0.119910588, 1420, 1299, 12, 122, 
0, 
query: [western, cowboy, sheriff]
BlinkSea, 	5, 9.91756, 0.93182, 0.98000, 652, 978, 200, 0.079788186, 
Exhustiv, 	5, 9.91756, 0.93182, 0.98000, 652, 978, 200, 0.057065162, 31, 30, 31, 
Astar0, 	5, 9.91756, 0.93182, 0.98000, 652, 978, 200, 0.057375447, 6, 6, 1, 1, 
Astar1, 	5, 9.91756, 0.93182, 0.98000, 652, 978, 200, 0.055701233, 6, 6, 1, 1, 
Astar2, 	5, 9.91756, 0.93182, 0.98000, 652, 978, 200, 0.056461594, 6, 6, 1, 1, 
0, 
Astar1nc, 	5, 9.91756, 0.93182, 0.98000, 652, 978, 200, 0.057617559, 6, 6, 1, 1, 
Astar2nc, 	5, 9.91756, 0.93182, 0.98000, 652, 978, 200, 0.057540851, 6, 6, 1, 1, 
0, 
query: [disaster, sacrifice, hero]
BlinkSea, 	5, 7.58070, 0.98341, 0.38000, 865, 1354, 476, 0.093168836, 
Exhustiv, 	5, 7.25370, 0.94099, 0.82000, 2511, 4271, 1679, 0.13408722, 292, 273, 276, 
Astar0, 	5, 7.25370, 0.94099, 0.82000, 2511, 4271, 1679, 0.078531821, 179, 103, 10, 46, 
Astar1, 	5, 7.25370, 0.94099, 0.82000, 2511, 4271, 1679, 0.074237901, 127, 54, 10, 35, 
Astar2, 	5, 7.25370, 0.94099, 0.82000, 2511, 4271, 1679, 0.073685706, 122, 103, 10, 13, 
2, 
Astar1nc, 	5, 7.25370, 0.94099, 0.82000, 2511, 4271, 1679, 0.072588545, 127, 54, 10, 35, 
Astar2nc, 	5, 7.25370, 0.94099, 0.82000, 2511, 4271, 1679, 0.071416615, 122, 103, 10, 13, 
2, 
query: [disaster, rescue, hero]
BlinkSea, 	5, 7.20060, 0.94243, 0.86000, 1642, 2816, 1153, 0.097027639, 
Exhustiv, 	5, 7.20060, 0.94243, 0.86000, 1642, 2816, 1153, 0.066872616, 31, 30, 31, 
Astar0, 	5, 7.20060, 0.94243, 0.86000, 1642, 2816, 1153, 0.064821758, 6, 6, 1, 1, 
Astar1, 	5, 7.20060, 0.94243, 0.86000, 1642, 2816, 1153, 0.072764631, 6, 6, 1, 1, 
Astar2, 	5, 7.20060, 0.94243, 0.86000, 1642, 2816, 1153, 0.066744647, 6, 6, 1, 1, 
0, 
Astar1nc, 	5, 7.20060, 0.94243, 0.86000, 1642, 2816, 1153, 0.072012667, 6, 6, 1, 1, 
Astar2nc, 	5, 7.20060, 0.94243, 0.86000, 1642, 2816, 1153, 0.064078573, 6, 6, 1, 1, 
0, 
query: [romance, love, christmas]
BlinkSea, 	5, 8.81610, 0.94492, 0.98000, 4484, 7085, 2245, 0.195654188, 
Exhustiv, 	5, 8.81610, 0.94492, 0.98000, 4484, 7085, 2245, 0.079098432, 31, 30, 31, 
Astar0, 	5, 8.81610, 0.94492, 0.98000, 4484, 7085, 2245, 0.078492254, 6, 6, 1, 1, 
Astar1, 	5, 8.81610, 0.94492, 0.98000, 4484, 7085, 2245, 0.0821232, 6, 6, 1, 1, 
Astar2, 	5, 8.81610, 0.94492, 0.98000, 4484, 7085, 2245, 0.079168497, 6, 6, 1, 1, 
0, 
Astar1nc, 	5, 8.81610, 0.94492, 0.98000, 4484, 7085, 2245, 0.079443213, 6, 6, 1, 1, 
Astar2nc, 	5, 8.81610, 0.94492, 0.98000, 4484, 7085, 2245, 0.074928188, 6, 6, 1, 1, 
0, 
