Top-k, (AvgResultRelev, AvgResultRelev/ResultRelevs[0], AvgResultDiss) numOfKNListsRead, numOfNKMapLookups, numOfAnswerTreesExplored, elapseTime, numOfStatesCreated, numOfStatesExplored, numOfHeuristicSearchPerformed, maxQSize, 
query: [disaster, sacrifice, hero]
BlinkSea, 	5, 7.58070, 0.98341, 0.38000, 865, 1354, 476, 0.11505496, 
Exhustiv, 	5, 7.30432, 0.94756, 0.78000, 2511, 4271, 1679, 0.185729625, 545, 539, 545, 
Astar0, 	5, 7.30432, 0.94756, 0.78000, 2511, 4271, 1679, 0.090674857, 317, 198, 10, 58, 
Astar1, 	5, 7.30432, 0.94756, 0.78000, 2511, 4271, 1679, 0.100802808, 194, 76, 10, 48, 
Astar2, 	5, 7.30432, 0.94756, 0.78000, 2511, 4271, 1679, 0.080374658, 217, 194, 10, 27, 
1, 
Astar1nc, 	5, 7.30432, 0.94756, 0.78000, 2511, 4271, 1679, 0.087849501, 194, 76, 10, 48, 
Astar2nc, 	5, 7.30432, 0.94756, 0.78000, 2511, 4271, 1679, 0.076276221, 217, 194, 10, 27, 
1, 
query: [academy, award, thriller]
BlinkSea, 	5, 7.12035, 0.97477, 0.78000, 5817, 9415, 3281, 0.26265641, 
Exhustiv, 	5, 7.12035, 0.97477, 0.78000, 5817, 9415, 3281, 0.091147915, 31, 30, 31, 
Astar0, 	5, 7.12035, 0.97477, 0.78000, 5817, 9415, 3281, 0.085023662, 6, 6, 1, 1, 
Astar1, 	5, 7.12035, 0.97477, 0.78000, 5817, 9415, 3281, 0.089690167, 6, 6, 1, 1, 
Astar2, 	5, 7.12035, 0.97477, 0.78000, 5817, 9415, 3281, 0.082459047, 6, 6, 1, 1, 
0, 
Astar1nc, 	5, 7.12035, 0.97477, 0.78000, 5817, 9415, 3281, 0.086166797, 6, 6, 1, 1, 
Astar2nc, 	5, 7.12035, 0.97477, 0.78000, 5817, 9415, 3281, 0.083057684, 6, 6, 1, 1, 
0, 
query: [academy, award, drama]
BlinkSea, 	5, 6.53336, 0.96344, 0.72000, 24882, 37386, 13002, 0.589813051, 
Exhustiv, 	5, 6.53336, 0.96344, 0.72000, 24882, 37386, 13002, 0.1802338, 31, 30, 31, 
Astar0, 	5, 6.53336, 0.96344, 0.72000, 24882, 37386, 13002, 0.171194596, 6, 6, 1, 1, 
Astar1, 	5, 6.53336, 0.96344, 0.72000, 24882, 37386, 13002, 0.172302658, 6, 6, 1, 1, 
Astar2, 	5, 6.53336, 0.96344, 0.72000, 24882, 37386, 13002, 0.183299076, 6, 6, 1, 1, 
0, 
Astar1nc, 	5, 6.53336, 0.96344, 0.72000, 24882, 37386, 13002, 0.170262677, 6, 6, 1, 1, 
Astar2nc, 	5, 6.53336, 0.96344, 0.72000, 24882, 37386, 13002, 0.191873975, 6, 6, 1, 1, 
0, 
query: [academy, award, sf]
BlinkSea, 	5, 5.68478, 0.92745, 0.57000, 4320, 7757, 929, 0.097359248, 
Exhustiv, 	5, 5.66716, 0.92458, 0.71000, 6827, 12283, 1465, 0.09628968, 178, 173, 178, 
Astar0, 	5, 5.66716, 0.92458, 0.71000, 6827, 12283, 1465, 0.090653377, 67, 46, 5, 13, 
Astar1, 	5, 5.66716, 0.92458, 0.71000, 6827, 12283, 1465, 0.085395443, 52, 25, 5, 13, 
Astar2, 	5, 5.66716, 0.92458, 0.71000, 6827, 12283, 1465, 0.093372349, 53, 44, 5, 10, 
1, 
Astar1nc, 	5, 5.66716, 0.92458, 0.71000, 6827, 12283, 1465, 0.085586878, 52, 25, 5, 13, 
Astar2nc, 	5, 5.66716, 0.92458, 0.71000, 6827, 12283, 1465, 0.149268488, 53, 44, 5, 10, 
1, 
query: [academy, award, war]
BlinkSea, 	5, 6.21760, 0.98010, 0.78000, 5928, 9292, 3289, 0.160519618, 
Exhustiv, 	5, 6.21760, 0.98010, 0.78000, 5928, 9292, 3289, 0.099257685, 31, 30, 31, 
Astar0, 	5, 6.21760, 0.98010, 0.78000, 5928, 9292, 3289, 0.092609624, 6, 6, 1, 1, 
Astar1, 	5, 6.21760, 0.98010, 0.78000, 5928, 9292, 3289, 0.097209687, 6, 6, 1, 1, 
Astar2, 	5, 6.21760, 0.98010, 0.78000, 5928, 9292, 3289, 0.085440705, 6, 6, 1, 1, 
0, 
Astar1nc, 	5, 6.21760, 0.98010, 0.78000, 5928, 9292, 3289, 0.085862284, 6, 6, 1, 1, 
Astar2nc, 	5, 6.21760, 0.98010, 0.78000, 5928, 9292, 3289, 0.085962254, 6, 6, 1, 1, 
0, 
query: [sf, time, travel]
BlinkSea, 	5, 6.79707, 0.87623, 0.50833, 2402, 3213, 850, 0.104277824, 
Exhustiv, 	5, 6.61956, 0.85335, 0.73333, 6312, 8611, 2295, 0.15630503, 1287, 1227, 1193, 
Astar0, 	5, 6.61956, 0.85335, 0.73333, 6312, 8611, 2295, 0.163317227, 3260, 1251, 24, 350, 
Astar1, 	5, 6.61956, 0.85335, 0.73333, 6312, 8611, 2295, 0.105945326, 1029, 288, 24, 213, 
Astar2, 	5, 6.50957, 0.83917, 0.72667, 6312, 8611, 2295, 0.149541072, 1336, 1225, 24, 68, 
1, 
Astar1nc, 	5, 6.61956, 0.85335, 0.73333, 6312, 8611, 2295, 0.104358808, 1029, 288, 24, 213, 
Astar2nc, 	5, 6.50957, 0.83917, 0.72667, 6312, 8611, 2295, 0.184096754, 1336, 1225, 24, 68, 
1, 
query: [explosion, rescue, escape]
BlinkSea, 	5, 5.65816, 0.99203, 0.59000, 1662, 2817, 1113, 0.130821214, 
Exhustiv, 	5, 5.64417, 0.98958, 0.75000, 1662, 2817, 1113, 0.074436101, 395, 390, 395, 
Astar0, 	5, 5.64417, 0.98958, 0.75000, 1662, 2817, 1113, 0.063829144, 175, 133, 7, 25, 
Astar1, 	5, 5.64417, 0.98958, 0.75000, 1662, 2817, 1113, 0.06729001, 94, 40, 7, 19, 
Astar2, 	5, 5.64417, 0.98958, 0.75000, 1662, 2817, 1113, 0.066050006, 149, 131, 7, 19, 
1, 
Astar1nc, 	5, 5.64417, 0.98958, 0.75000, 1662, 2817, 1113, 0.069455064, 94, 40, 7, 19, 
Astar2nc, 	5, 5.64417, 0.98958, 0.75000, 1662, 2817, 1113, 0.067793004, 149, 131, 7, 19, 
1, 
query: [emperor, conquest, history]
BlinkSea, 	5, 8.46270, 0.92025, 0.45000, 1443, 2031, 582, 0.083315977, 
Exhustiv, 	5, 8.42020, 0.91563, 0.71000, 1443, 2031, 582, 0.058843393, 163, 158, 163, 
Astar0, 	5, 8.42020, 0.91563, 0.71000, 1443, 2031, 582, 0.059692817, 76, 47, 5, 18, 
Astar1, 	5, 8.42020, 0.91563, 0.71000, 1443, 2031, 582, 0.060506212, 59, 35, 5, 16, 
Astar2, 	5, 8.42020, 0.91563, 0.71000, 1443, 2031, 582, 0.063996994, 55, 43, 5, 13, 
1, 
Astar1nc, 	5, 8.42020, 0.91563, 0.71000, 1443, 2031, 582, 0.059407438, 59, 35, 5, 16, 
Astar2nc, 	5, 8.42020, 0.91563, 0.71000, 1443, 2031, 582, 0.057056787, 55, 43, 5, 13, 
1, 
query: [hitchcock, mystery, thriller]
BlinkSea, 	5, 10.69480, 0.85219, 0.65000, 5817, 8206, 2399, 0.234662505, 
Exhustiv, 	5, 10.66443, 0.84976, 0.80000, 5817, 8206, 2399, 0.099535617, 58, 50, 55, 
Astar0, 	5, 10.66443, 0.84976, 0.80000, 5817, 8206, 2399, 0.084232198, 29, 19, 3, 9, 
Astar1, 	5, 10.66443, 0.84976, 0.80000, 5817, 8206, 2399, 0.084421915, 27, 17, 3, 9, 
Astar2, 	5, 10.66275, 0.84963, 0.70000, 5817, 8206, 2399, 0.089442385, 22, 18, 3, 4, 
1, 
Astar1nc, 	5, 10.66443, 0.84976, 0.80000, 5817, 8206, 2399, 0.081162181, 27, 17, 3, 9, 
Astar2nc, 	5, 10.66275, 0.84963, 0.70000, 5817, 8206, 2399, 0.082556605, 22, 18, 3, 4, 
1, 
query: [hitchcock, thriller, horror]
BlinkSea, 	5, 10.70354, 0.86218, 0.65000, 7186, 9804, 2664, 0.17822588, 
Exhustiv, 	5, 10.67429, 0.85982, 0.70000, 7186, 9804, 2664, 0.083388064, 55, 49, 55, 
Astar0, 	5, 10.67429, 0.85982, 0.70000, 7186, 9804, 2664, 0.086384365, 151, 52, 7, 39, 
Astar1, 	5, 10.67429, 0.85982, 0.70000, 7186, 9804, 2664, 0.084778675, 115, 37, 7, 39, 
Astar2, 	5, 10.67429, 0.85982, 0.70000, 7186, 9804, 2664, 0.089112743, 33, 31, 7, 4, 
1, 
Astar1nc, 	5, 10.67429, 0.85982, 0.70000, 7186, 9804, 2664, 0.091768727, 115, 37, 7, 39, 
Astar2nc, 	5, 10.67429, 0.85982, 0.70000, 7186, 9804, 2664, 0.085517241, 33, 31, 7, 4, 
1, 
query: [monster, beast, animation]
BlinkSea, 	5, 9.21357, 0.97614, 0.91000, 3492, 5246, 1474, 0.139405777, 
Exhustiv, 	5, 9.21357, 0.97614, 0.91000, 3492, 5246, 1474, 0.068888673, 31, 30, 31, 
Astar0, 	5, 9.21357, 0.97614, 0.91000, 3492, 5246, 1474, 0.074274605, 6, 6, 1, 1, 
Astar1, 	5, 9.21357, 0.97614, 0.91000, 3492, 5246, 1474, 0.073238775, 6, 6, 1, 1, 
Astar2, 	5, 9.21357, 0.97614, 0.91000, 3492, 5246, 1474, 0.078699617, 6, 6, 1, 1, 
0, 
Astar1nc, 	5, 9.21357, 0.97614, 0.91000, 3492, 5246, 1474, 0.072001539, 6, 6, 1, 1, 
Astar2nc, 	5, 9.21357, 0.97614, 0.91000, 3492, 5246, 1474, 0.070004886, 6, 6, 1, 1, 
0, 
query: [robot, battle, animation]
BlinkSea, 	5, 9.50639, 0.95301, 0.74000, 2377, 3526, 1062, 0.142378923, 
Exhustiv, 	5, 9.50639, 0.95301, 0.74000, 2377, 3526, 1062, 0.063666039, 31, 30, 31, 
Astar0, 	5, 9.50639, 0.95301, 0.74000, 2377, 3526, 1062, 0.067417276, 6, 6, 1, 1, 
Astar1, 	5, 9.50639, 0.95301, 0.74000, 2377, 3526, 1062, 0.071309306, 6, 6, 1, 1, 
Astar2, 	5, 9.50639, 0.95301, 0.74000, 2377, 3526, 1062, 0.065984871, 6, 6, 1, 1, 
0, 
Astar1nc, 	5, 9.50639, 0.95301, 0.74000, 2377, 3526, 1062, 0.067328807, 6, 6, 1, 1, 
Astar2nc, 	5, 9.50639, 0.95301, 0.74000, 2377, 3526, 1062, 0.066896668, 6, 6, 1, 1, 
0, 
query: [robot, action, sf]
BlinkSea, 	5, 8.30029, 0.86665, 0.74000, 4320, 7365, 1737, 0.162625265, 
Exhustiv, 	5, 8.30029, 0.86665, 0.74000, 4320, 7365, 1737, 0.074597884, 31, 30, 31, 
Astar0, 	5, 8.30029, 0.86665, 0.74000, 4320, 7365, 1737, 0.074410657, 6, 6, 1, 1, 
Astar1, 	5, 8.30029, 0.86665, 0.74000, 4320, 7365, 1737, 0.073808271, 6, 6, 1, 1, 
Astar2, 	5, 8.30029, 0.86665, 0.74000, 4320, 7365, 1737, 0.072784092, 6, 6, 1, 1, 
0, 
Astar1nc, 	5, 8.30029, 0.86665, 0.74000, 4320, 7365, 1737, 0.078979775, 6, 6, 1, 1, 
Astar2nc, 	5, 8.30029, 0.86665, 0.74000, 4320, 7365, 1737, 0.087442165, 6, 6, 1, 1, 
0, 
query: [epic, history, war]
BlinkSea, 	5, 8.80534, 0.85340, 0.87500, 4405, 6614, 2215, 0.159628298, 
Exhustiv, 	5, 8.80534, 0.85340, 0.87500, 4405, 6614, 2215, 0.080529753, 31, 30, 31, 
Astar0, 	5, 8.80534, 0.85340, 0.87500, 4405, 6614, 2215, 0.077336083, 6, 6, 1, 1, 
Astar1, 	5, 8.80534, 0.85340, 0.87500, 4405, 6614, 2215, 0.077926542, 6, 6, 1, 1, 
Astar2, 	5, 8.80534, 0.85340, 0.87500, 4405, 6614, 2215, 0.090911498, 6, 6, 1, 1, 
0, 
Astar1nc, 	5, 8.80534, 0.85340, 0.87500, 4405, 6614, 2215, 0.076646164, 6, 6, 1, 1, 
Astar2nc, 	5, 8.80534, 0.85340, 0.87500, 4405, 6614, 2215, 0.074108665, 6, 6, 1, 1, 
0, 
query: [epic, history, nonfiction]
BlinkSea, 	5, 7.45258, 0.92371, 0.60000, 4550, 7468, 925, 0.103932637, 
Exhustiv, 	5, 7.41369, 0.91889, 0.71000, 4550, 7468, 925, 0.075877501, 57, 31, 57, 
Astar0, 	5, 7.41369, 0.91889, 0.71000, 4550, 7468, 925, 0.073369023, 12, 10, 2, 4, 
Astar1, 	5, 7.41369, 0.91889, 0.71000, 4550, 7468, 925, 0.072835697, 12, 10, 2, 4, 
Astar2, 	5, 7.41369, 0.91889, 0.71000, 4550, 7468, 925, 0.071850082, 12, 10, 2, 4, 
0, 
Astar1nc, 	5, 7.41369, 0.91889, 0.71000, 4550, 7468, 925, 0.078536316, 12, 10, 2, 4, 
Astar2nc, 	5, 7.41369, 0.91889, 0.71000, 4550, 7468, 925, 0.076231964, 12, 10, 2, 4, 
0, 
query: [war, battle, soldier]
BlinkSea, 	5, 7.80253, 0.97702, 0.70000, 4985, 8341, 3160, 0.212400386, 
Exhustiv, 	5, 7.80253, 0.97702, 0.70000, 4985, 8341, 3160, 0.083142076, 31, 30, 31, 
Astar0, 	5, 7.80253, 0.97702, 0.70000, 4985, 8341, 3160, 0.086770043, 6, 6, 1, 1, 
Astar1, 	5, 7.80253, 0.97702, 0.70000, 4985, 8341, 3160, 0.083252445, 6, 6, 1, 1, 
Astar2, 	5, 7.80253, 0.97702, 0.70000, 4985, 8341, 3160, 0.085114111, 6, 6, 1, 1, 
0, 
Astar1nc, 	5, 7.80253, 0.97702, 0.70000, 4985, 8341, 3160, 0.086626809, 6, 6, 1, 1, 
Astar2nc, 	5, 7.80253, 0.97702, 0.70000, 4985, 8341, 3160, 0.088151641, 6, 6, 1, 1, 
0, 
query: [epic, history, nonfiction]
BlinkSea, 	5, 7.45258, 0.92371, 0.60000, 4550, 7468, 925, 0.072120011, 
Exhustiv, 	5, 7.41369, 0.91889, 0.71000, 4550, 7468, 925, 0.072927783, 57, 31, 57, 
Astar0, 	5, 7.41369, 0.91889, 0.71000, 4550, 7468, 925, 0.071350989, 12, 10, 2, 4, 
Astar1, 	5, 7.41369, 0.91889, 0.71000, 4550, 7468, 925, 0.076065744, 12, 10, 2, 4, 
Astar2, 	5, 7.41369, 0.91889, 0.71000, 4550, 7468, 925, 0.086264911, 12, 10, 2, 4, 
0, 
Astar1nc, 	5, 7.41369, 0.91889, 0.71000, 4550, 7468, 925, 0.073758697, 12, 10, 2, 4, 
Astar2nc, 	5, 7.41369, 0.91889, 0.71000, 4550, 7468, 925, 0.074704654, 12, 10, 2, 4, 
0, 
query: [sf, fantasy, dystopia]
BlinkSea, 	5, 7.02344, 0.88606, 0.77000, 4324, 5956, 1361, 0.11314, 
Exhustiv, 	5, 7.02344, 0.88606, 0.77000, 4324, 5956, 1361, 0.070006629, 31, 30, 31, 
Astar0, 	5, 7.02344, 0.88606, 0.77000, 4324, 5956, 1361, 0.0722854, 6, 6, 1, 1, 
Astar1, 	5, 7.02344, 0.88606, 0.77000, 4324, 5956, 1361, 0.068333739, 6, 6, 1, 1, 
Astar2, 	5, 7.02344, 0.88606, 0.77000, 4324, 5956, 1361, 0.067901842, 6, 6, 1, 1, 
0, 
Astar1nc, 	5, 7.02344, 0.88606, 0.77000, 4324, 5956, 1361, 0.071895546, 6, 6, 1, 1, 
Astar2nc, 	5, 7.02344, 0.88606, 0.77000, 4324, 5956, 1361, 0.076075715, 6, 6, 1, 1, 
0, 
query: [killer, murder, revenge]
BlinkSea, 	5, 7.66535, 0.89042, 0.85000, 2243, 3461, 1138, 0.154677645, 
Exhustiv, 	5, 7.66535, 0.89042, 0.85000, 2243, 3461, 1138, 0.069024541, 31, 30, 31, 
Astar0, 	5, 7.66535, 0.89042, 0.85000, 2243, 3461, 1138, 0.071518178, 6, 6, 1, 1, 
Astar1, 	5, 7.66535, 0.89042, 0.85000, 2243, 3461, 1138, 0.071141778, 6, 6, 1, 1, 
Astar2, 	5, 7.66535, 0.89042, 0.85000, 2243, 3461, 1138, 0.069559017, 6, 6, 1, 1, 
0, 
Astar1nc, 	5, 7.66535, 0.89042, 0.85000, 2243, 3461, 1138, 0.071894722, 6, 6, 1, 1, 
Astar2nc, 	5, 7.66535, 0.89042, 0.85000, 2243, 3461, 1138, 0.07073379, 6, 6, 1, 1, 
0, 
