Top-k, (AvgResultRelev, AvgResultRelev/ResultRelevs[0], AvgResultDiss) numOfKNListsRead, numOfNKMapLookups, numOfAnswerTreesExplored, elapseTime, 
BlinkSearcher, 5, 7.40757, 0.89774, 0.45000, 1746, 2870, 938, 0.115510249, 
BlinkSearcher, 5, 7.40757, 0.89774, 0.45000, 1746, 2870, 938, 0.05910537, 
ExhustiveSearcher, 5, 7.25750, 0.87955, 0.74000, 1790, 2939, 958, 0.083180177, 3679, 3662, 3454, 
Astar1, 5, 7.25750, 0.87955, 0.74000, 1790, 2939, 958, 0.066868974, 1638, 528, 22 124, 
Astar2, 5, 7.25750, 0.87955, 0.74000, 1790, 2939, 958, 0.066854609, 1251, 528, 22 104, 
BlinkSearcher, 10, 7.05933, 0.85554, 0.41556, 1773, 2915, 953, 0.061585362, 
ExhustiveSearcher, 10, 6.99541, 0.84779, 0.70222, 1790, 2939, 958, 16.195552245, 2388357, 56179, 2388357, 
Astar1, 10, 6.99541, 0.84779, 0.70222, 1790, 2939, 958, 0.128338312, 8868, 2154, 17 941, 
Astar2, 10, 6.99541, 0.84779, 0.70222, 1790, 2939, 958, 0.128421211, 8868, 2154, 17 941, 
BlinkSearcher, 15, 6.90707, 0.83708, 0.34286, 1773, 2915, 953, 0.059160412, 
ExhustiveSearcher, 15, 6.82596, 0.82725, 0.70762, 5688, 9879, 3892, 364.991828699, 47027195, 47027144, 47027171, 
Astar1, 15, 6.82596, 0.82725, 0.70190, 5688, 9879, 3892, 6.318775917, 575170, 130965, 14 222379, 
Astar2, 15, 6.82596, 0.82725, 0.70190, 5688, 9879, 3892, 6.083766133, 575170, 130965, 14 222379, 
