Top-k, (AvgResultRelev, AvgResultRelev/ResultRelevs[0], AvgResultDiss) numOfKNListsRead, numOfNKMapLookups, numOfAnswerTreesExplored, elapseTime, 
BlinkSearcher, 5, 7.54483, 0.94419, 0.65000, 2791, 4371, 1404, 0.155979459, 
BlinkSearcher, 5, 7.54483, 0.94419, 0.65000, 2791, 4371, 1404, 0.064530016, 
ExhustiveSearcher, 5, 7.52368, 0.94154, 0.70000, 2800, 4382, 1407, 0.065284977, 61, 34, 61, 
Astar1, 5, 7.52368, 0.94154, 0.70000, 2800, 4382, 1407, 0.065706498, 35, 12, 2 14, 
Astar2, 5, 7.52368, 0.94154, 0.70000, 2800, 4382, 1407, 0.065354568, 35, 12, 2 14, 
BlinkSearcher, 10, 7.27566, 0.91050, 0.80667, 4944, 8223, 2967, 0.139514633, 
ExhustiveSearcher, 10, 7.27566, 0.91050, 0.80667, 4944, 8223, 2967, 0.081723994, 1023, 1022, 1023, 
Astar1, 10, 7.27566, 0.91050, 0.80667, 4944, 8223, 2967, 0.077863472, 56, 11, 1 45, 
Astar2, 10, 7.27566, 0.91050, 0.80667, 4944, 8223, 2967, 0.080208174, 56, 11, 1 45, 
BlinkSearcher, 15, 7.07755, 0.88571, 0.84857, 5079, 8435, 3031, 0.083021344, 
ExhustiveSearcher, 15, 7.07755, 0.88571, 0.84857, 5079, 8435, 3031, 0.229946156, 32767, 32766, 32767, 
Astar1, 15, 7.07755, 0.88571, 0.84857, 5079, 8435, 3031, 0.081085492, 121, 16, 1 105, 
Astar2, 15, 7.07755, 0.88571, 0.84857, 5079, 8435, 3031, 0.080303459, 121, 16, 1 105, 
