Top-k, (AvgResultRelev, AvgResultRelev/ResultRelevs[0], AvgResultDiss) numOfKNListsRead, numOfNKMapLookups, numOfAnswerTreesExplored, elapseTime, 
BlinkSearcher, 5, 6.95750, 0.86778, 0.65000, 2145, 3192, 982, 0.106007004, 
BlinkSearcher, 5, 6.95750, 0.86778, 0.65000, 2145, 3192, 982, 0.062102564, 
ExhustiveSearcher, 5, 6.93999, 0.86560, 0.79000, 2145, 3192, 982, 0.062395619, 103, 39, 103, 
Astar1, 5, 6.93999, 0.86560, 0.79000, 2145, 3192, 982, 0.062267624, 55, 20, 3 16, 
Astar2, 5, 6.93999, 0.86560, 0.79000, 2145, 3192, 982, 0.062762207, 55, 20, 3 16, 
BlinkSearcher, 10, 6.65692, 0.83029, 0.69111, 2383, 3617, 1165, 0.069853814, 
ExhustiveSearcher, 10, 6.65307, 0.82981, 0.72444, 2911, 4525, 1543, 0.085729699, 2041, 1029, 2041, 
Astar1, 10, 6.65307, 0.82981, 0.72444, 2911, 4525, 1543, 0.069407225, 121, 23, 2 54, 
Astar2, 10, 6.65307, 0.82981, 0.72444, 2911, 4525, 1543, 0.066780664, 121, 23, 2 54, 
BlinkSearcher, 15, 6.48146, 0.80841, 0.69810, 4469, 7286, 2734, 0.109926971, 
ExhustiveSearcher, 15, 6.48146, 0.80841, 0.71429, 4469, 7286, 2734, 0.221603031, 32767, 32766, 32767, 
Astar1, 15, 6.48146, 0.80841, 0.70667, 4469, 7286, 2734, 0.078548003, 580, 68, 4 152, 
Astar2, 15, 6.48146, 0.80841, 0.70667, 4469, 7286, 2734, 0.077864327, 580, 68, 4 152, 
