Top-k, (AvgResultRelev, AvgResultRelev/ResultRelevs[0], AvgResultDiss) numOfKNListsRead, numOfNKMapLookups, numOfAnswerTreesExplored, elapseTime, 
BlinkSearcher, 5, 6.58576, 0.90718, 0.55000, 1352, 2365, 951, 0.225544355, 
BlinkSearcher, 5, 6.58576, 0.90718, 0.55000, 1352, 2365, 951, 0.076869447, 
ExhustiveSearcher, 5, 6.53016, 0.89952, 0.71000, 1352, 2365, 951, 0.077086225, 57, 32, 57, 
Astar1, 5, 6.53016, 0.89952, 0.71000, 1352, 2365, 951, 0.070237816, 33, 11, 2 13, 
Astar2, 5, 6.53016, 0.89952, 0.71000, 1352, 2365, 951, 0.07162971, 33, 11, 2 13, 
BlinkSearcher, 10, 6.30445, 0.86843, 0.65778, 1373, 2395, 958, 0.0685421, 
ExhustiveSearcher, 10, 6.28883, 0.86628, 0.70889, 2989, 5210, 1906, 0.188877297, 3996, 3985, 3995, 
Astar1, 10, 6.28883, 0.86628, 0.70889, 2989, 5210, 1906, 0.091357838, 583, 84, 7 99, 
Astar2, 10, 6.28883, 0.86628, 0.70889, 2989, 5210, 1906, 0.076202845, 245, 84, 7 63, 
BlinkSearcher, 15, 6.11302, 0.84206, 0.64762, 2437, 4280, 1605, 0.074566582, 
ExhustiveSearcher, 15, 6.10209, 0.84055, 0.70667, 2998, 5226, 1911, 1.646333111, 260744, 260729, 260744, 
Astar1, 15, 6.10209, 0.84055, 0.73143, 2998, 5226, 1911, 0.081448472, 942, 163, 5 219, 
Astar2, 15, 6.10209, 0.84055, 0.73143, 2998, 5226, 1911, 0.079218647, 725, 163, 5 183, 
