Top-k, (AvgResultRelev, AvgResultRelev/ResultRelevs[0], AvgResultDiss) numOfKNListsRead, numOfNKMapLookups, numOfAnswerTreesExplored, elapseTime, 
BlinkSearcher, 5, 5.96569, 0.97741, 0.55000, 2166, 3592, 1179, 0.101801022, 
BlinkSearcher, 5, 5.96569, 0.97741, 0.55000, 2166, 3592, 1179, 0.064315604, 
ExhustiveSearcher, 5, 5.96524, 0.97734, 0.80000, 2166, 3592, 1179, 0.063803054, 59, 33, 59, 
Astar1, 5, 5.96524, 0.97734, 0.80000, 2166, 3592, 1179, 0.064436004, 35, 12, 2 14, 
Astar2, 5, 5.96524, 0.97734, 0.80000, 2166, 3592, 1179, 0.063684422, 35, 12, 2 14, 
BlinkSearcher, 10, 5.79771, 0.94989, 0.71111, 3932, 6990, 2628, 0.117571399, 
ExhustiveSearcher, 10, 5.79771, 0.94989, 0.71111, 3932, 6990, 2628, 0.078047367, 1023, 1022, 1023, 
Astar1, 10, 5.79771, 0.94989, 0.71111, 3932, 6990, 2628, 0.075157354, 56, 11, 1 45, 
Astar2, 10, 5.79771, 0.94989, 0.71111, 3932, 6990, 2628, 0.075173338, 56, 11, 1 45, 
BlinkSearcher, 15, 5.62726, 0.92196, 0.84762, 4367, 7763, 2874, 0.085197848, 
ExhustiveSearcher, 15, 5.62726, 0.92196, 0.84762, 4367, 7763, 2874, 0.227229904, 32767, 32766, 32767, 
Astar1, 15, 5.62726, 0.92196, 0.84762, 4367, 7763, 2874, 0.080788834, 121, 16, 1 105, 
Astar2, 15, 5.62726, 0.92196, 0.84762, 4367, 7763, 2874, 0.080638984, 121, 16, 1 105, 
