Top-k, (AvgResultRelev, AvgResultRelev/ResultRelevs[0], AvgResultDiss) numOfKNListsRead, numOfNKMapLookups, numOfAnswerTreesExplored, elapseTime, 
BlinkSearcher, 5, 8.49679, 0.89812, 0.57000, 1525, 2184, 656, 0.08625199, 
BlinkSearcher, 5, 8.49679, 0.89812, 0.57000, 1525, 2184, 656, 0.060754124, 
ExhustiveSearcher, 5, 8.45200, 0.89338, 0.71000, 2016, 2900, 882, 0.072934909, 459, 444, 448, 
Astar1, 5, 8.45200, 0.89338, 0.71000, 2016, 2900, 882, 0.069556845, 1531, 380, 24 120, 
Astar2, 5, 8.45200, 0.89338, 0.71000, 2016, 2900, 882, 0.069698721, 1474, 380, 24 120, 
BlinkSearcher, 10, 8.10904, 0.85713, 0.52667, 1525, 2184, 656, 0.0610334, 
ExhustiveSearcher, 10, 8.08665, 0.85476, 0.70000, 2016, 2900, 882, 33.472226265, 3526509, 1677, 3526509, 
Astar1, 10, 8.08665, 0.85476, 0.70000, 2016, 2900, 882, 0.934881233, 64701, 36028, 19 16287, 
Astar2, 10, 8.08665, 0.85476, 0.70000, 2016, 2900, 882, 0.949551379, 64701, 36028, 19 16287, 
BlinkSearcher, 15, 7.97980, 0.84347, 0.54571, 1525, 2184, 656, 0.057713182, 
