Top-k, (AvgResultRelev, AvgResultRelev/ResultRelevs[0], AvgResultDiss) numOfKNListsRead, numOfNKMapLookups, numOfAnswerTreesExplored, elapseTime, 
BlinkSearcher, 5, 8.03382, 0.97072, 0.62000, 1989, 3208, 1001, 0.108900254, 
BlinkSearcher, 5, 8.03382, 0.97072, 0.62000, 1989, 3208, 1001, 0.06219947, 
ExhustiveSearcher, 5, 7.99326, 0.96582, 0.75000, 2001, 3225, 1004, 0.06284974, 143, 33, 143, 
Astar1, 5, 7.99326, 0.96582, 0.75000, 2001, 3225, 1004, 0.062111849, 86, 31, 4 22, 
Astar2, 5, 7.99326, 0.96582, 0.75000, 2001, 3225, 1004, 0.062314945, 86, 31, 4 22, 
BlinkSearcher, 10, 7.86918, 0.95083, 0.51111, 2546, 4118, 1312, 0.076872109, 
ExhustiveSearcher, 10, 7.81326, 0.94407, 0.71778, 4537, 7748, 2430, 0.223989777, 24217, 24206, 24216, 
Astar1, 10, 7.81326, 0.94407, 0.71778, 4537, 7748, 2430, 0.086878906, 1553, 358, 7 368, 
Astar2, 10, 7.81326, 0.94407, 0.71778, 4537, 7748, 2430, 0.081992669, 1264, 358, 7 368, 
BlinkSearcher, 15, 7.73988, 0.93521, 0.60190, 4537, 7748, 2430, 0.074774433, 
ExhustiveSearcher, 15, 7.68323, 0.92836, 0.70381, 4765, 8131, 2522, 0.699657108, 130494, 130478, 130494, 
Astar1, 15, 7.68323, 0.92836, 0.70381, 4765, 8131, 2522, 0.149611526, 6509, 791, 10 902, 
Astar2, 15, 7.68323, 0.92836, 0.70381, 4765, 8131, 2522, 0.091797404, 2088, 792, 10 521, 
