Top-k, (AvgResultRelev, AvgResultRelev/ResultRelevs[0], AvgResultDiss) numOfKNListsRead, numOfNKMapLookups, numOfAnswerTreesExplored, elapseTime, 
BlinkSearcher, 5, 7.73462, 0.95051, 0.65000, 997, 1704, 514, 0.084316125, 
BlinkSearcher, 5, 7.73462, 0.95051, 0.65000, 997, 1704, 514, 0.056840282, 
ExhustiveSearcher, 5, 7.73462, 0.95051, 0.79000, 1178, 2034, 593, 0.074917884, 103, 39, 103, 
Astar1, 5, 7.73462, 0.95051, 0.79000, 1178, 2034, 593, 0.059327731, 58, 19, 3 18, 
Astar2, 5, 7.73462, 0.95051, 0.79000, 1178, 2034, 593, 0.060383477, 58, 19, 3 18, 
BlinkSearcher, 10, 7.59064, 0.93282, 0.62222, 2437, 4301, 1222, 0.102546358, 
ExhustiveSearcher, 10, 7.58966, 0.93269, 0.71556, 4393, 7742, 2205, 0.139495952, 4009, 1050, 4009, 
Astar1, 10, 7.58966, 0.93269, 0.71556, 4393, 7742, 2205, 0.07714323, 239, 51, 3 82, 
Astar2, 10, 7.58966, 0.93269, 0.71556, 4393, 7742, 2205, 0.077737881, 239, 51, 3 82, 
BlinkSearcher, 15, 7.53535, 0.92602, 0.69524, 4396, 7746, 2206, 0.077063487, 
ExhustiveSearcher, 15, 7.53535, 0.92602, 0.71905, 4396, 7746, 2206, 0.466724482, 65522, 32773, 65522, 
Astar1, 15, 7.53535, 0.92602, 0.73143, 4396, 7746, 2206, 0.081176019, 575, 70, 4 150, 
Astar2, 15, 7.53535, 0.92602, 0.73143, 4396, 7746, 2206, 0.081180219, 575, 70, 4 150, 
