Top-k, (AvgResultRelev, AvgResultRelev/ResultRelevs[0], AvgResultDiss) numOfKNListsRead, numOfNKMapLookups, numOfAnswerTreesExplored, elapseTime, 
BlinkSearcher, 5, 7.46615, 0.87480, 0.60000, 251, 213, 33, 0.055851885, 
BlinkSearcher, 5, 7.46615, 0.87480, 0.60000, 251, 213, 33, 0.051387659, 
ExhustiveSearcher, 5, 7.39155, 0.86606, 0.74000, 251, 213, 33, 0.050847268, 59, 33, 59, 
Astar1, 5, 7.46615, 0.87480, 0.71000, 278, 244, 46, 0.052316002, 220, 48, 8 35, 
Astar2, 5, (no result) 354836, 294434, 86371, 3.932487938, 345590, 345482, 86368 27, 
BlinkSearcher, 10, 7.03994, 0.82487, 0.72444, 269, 234, 42, 0.051608585, 
ExhustiveSearcher, 10, 7.03994, 0.82487, 0.72444, 269, 234, 42, 0.054459766, 1023, 1022, 1023, 
Astar1, 10, 7.05990, 0.82720, 0.72000, 278, 244, 46, 0.051565795, 123, 20, 3 59, 
Astar2, 10, 7.05990, 0.82720, 0.72000, 278, 244, 46, 0.055481043, 123, 20, 3 59, 
BlinkSearcher, 15, 6.82775, 0.80000, 0.79524, 278, 244, 46, 0.052846289, 
ExhustiveSearcher, 15, 6.82775, 0.80000, 0.79524, 278, 244, 46, 0.204888561, 32767, 32766, 32767, 
Astar1, 15, 6.82775, 0.80000, 0.79524, 287, 251, 46, 0.053048298, 261, 35, 2 120, 
Astar2, 15, 6.82775, 0.80000, 0.79524, 287, 251, 46, 0.05280671, 261, 35, 2 120, 
